0
32
64
96
105
137
169
173
205
217
249
250
282
296
328
360
373
405
426
451
480
512
544
560
592
624
635
667
674
704
736
746
778
781
813
845
849
881
913
920
952
959
991
1011
1043
1044
1076
1108
1130
1162
1174
1206
1208
1240
1262
1294
1326
1340
1372
1375
1401
1433
1444
1476
1492
1522
1554
1564
1596
1628
1660
1661
1664
1696
1728
1760
1764
1796
1828
1860
1867
1874
1893
1925
1957
1982
2003
2035
2042
2074
2076
2108
2123
2155
2166
2198
2228
2260
2262
2294
2326
2336
2368
2379
2395
2427
2459
2491
2496
2528
2549
2556
2580
2601
2608
2640
2672
2692
2699
2731
2745
2774
2806
2837
2869
2870
2895
2927
2937
2964
2968
2993
3025
3037
3069
3100
3132
3133
3165
3167
3199
3210
3241
3251
3281
3301
3325
3355
3380
3412
3414
3446
3448
3469
3486
3518
3527
3559
3567
3597
3629
3642
3674
3677
3683
3715
3717
3746
3778
3788
3820
3840
3851
3873
3879
3902
3934
3935
3967
3992
4018
4037
4069
4101
4102
4134
4145
4154
4186
4196
4203
4235
4267
4299
4331
4333
4365
4397
4412
4444
4461
4486
4494
4514
4545
4571
4581
4584
4604
4636
4637
4669
4672
4684
4716
4733
4765
4766
4777
4790
4792
4803
4834
4835
4837
4869
4879
4887
4898
4900
4901
4933
4936
4968
5000
5007
5008
5040
5057
5089
5105
5120
5152
5164
5179
5201
5233
5265
5290
5322
5339
5366
5398
5430
5432
5464
5477
5509
5512
5542
5574
5588
5620
5630
5662
5663
5695
5711
5743
5775
5778
5810
5827
5859
5874
5906
5917
5949
5981
5985
6012
6017
6049
6064
6091
6123
6137
6169
6170
6202
6215
6247
6262
6293
6325
6335
6367
6373
6401
6417
6436
6468
6496
6528
6552
6569
6589
6621
6649
6681
6698
6730
6734
6766
6768
6780
6812
6819
6846
6848
6880
6891
6923
6935
6967
6969
7001
7021
7033
7065
7090
7122
7130
7142
7161
7179
7211
7220
7252
7254
7284
7311
7343
7356
7388
7416
7440
7459
7480
7491
7523
7543
7575
7586
7618
7636
7663
7695
7702
7718
7736
7768
7781
7813
7845
7874
7906
7921
7953
7968
7969
7994
8003
8035
8043
8075
8091
8123
8155
8156
8188
8209
8241
8250
8282
8284
8316
8348
8355
8387
8407
8439
8448
8469
8501
8525
8544
8571
8578
8587
8596
8628
8656
8688
8709
8741
8744
8776
8787
8807
8822
8854
8867
8899
8931
8934
8956
8982
9014
9024
9055
9087
9089
9118
9150
9182
9214
9246
9259
9291
9302
9334
9344
9360
9365
9397
9429
9434
9466
9495
9527
9529
9550
9574
9596
9625
9657
9680
9712
9724
9743
9775
9779
9811
9814
9846
9850
9870
9891
9923
9930
9962
9969
10001
10014
10027
10028
10043
10075
10107
10139
10142
10174
10183
10205
10237
10269
10271
10303
10335
10346
10364
10384
10416
10448
10480
10501
10519
10533
10565
10572
10604
10636
10641
10660
10690
10722
10740
10759
10791
10794
10826
10836
10868
10883
10915
10923
10946
10951
10952
10984
10986
11010
11042
11059
11091
11095
11127
11159
11165
11197
11229
11230
11262
11294
11326
11346
11378
11390
11406
11434
11466
11482
11501
11524
11549
11581
11597
11629
11630
11662
11694
11698
11729
11742
11774
11777
11809
11826
11858
11861
11885
11898
11930
11962
11968
12000
12010
12042
12074
12076
12108
12128
12160
12178
12200
12232
12264
12271
12303
12323
12355
12356
12378
12410
12427
12459
12491
12499
12531
12550
12582
12589
12619
12651
12683
12687
12718
12750
12763
12795
12827
12859
12878
12910
12942
12964
12996
13003
13017
13049
13051
13083
13096
13128
13132
13157
13189
13221
13236
13263
13295
13298
13330
13362
13377
13409
13441
13445
13472
13504
13520
13552
13562
13594
13610
13642
13658
13690
13695
13706
13738
13751
13783
13815
13847
13855
13886
13918
13931
13963
13995
14021
14053
14067
14099
14109
14141
14152
14176
14185
14203
14230
14262
14266
14278
14304
14326
14343
14374
14387
14388
14395
14396
14398
14399
14403
14435
14438
14446
14478
14481
14510
14534
14566
14588
14598
14630
14649
14681
14699
14731
14732
14764
14770
14798
14830
14848
14867
14899
14906
14938
14953
14982
15009
15041
15046
15077
15109
15141
15145
15177
15186
15218
15232
15264
15276
15292
15324
15333
15365
15379
15405
15437
15467
15499
15518
15550
15553
15584
15614
15616
15648
15680
15687
15719
15746
15778
15801
15817
15846
15872
15904
15909
15930
15962
15971
15999
16031
16040
16066
16091
16119
16151
16183
16189
16221
16236
16268
16271
16303
16335
16367
16382
16410
16442
16445
16466
16496
16513
16533
16565
16567
16594
16626
16652
16673
16705
16719
16750
16770
16802
16821
16844
16876
16879
16911
16943
16948
16980
16992
17011
17043
17054
17068
17100
17101
17133
17165
17197
17229
17231
17263
17273
17305
17312
17344
17363
17395
17407
17439
17442
17469
17491
17523
17526
17558
17567
17599
17607
17639
17649
17681
17692
17724
17738
17760
17782
17814
17844
17870
17895
17927
17959
17974
18006
18007
18039
18042
18052
18084
18088
18119
18151
18153
18185
18194
18226
18252
18284
18315
18340
18372
18373
18405
18432
18464
18477
18509
18533
18565
18574
18606
18615
18647
18653
18685
18689
18721
18741
18773
18774
18806
18809
18841
18844
18876
18891
18907
18913
18945
18977
19009
19033
19065
19068
19100
19132
19135
19137
19169
19180
19212
19224
19256
19260
19292
19303
19335
19344
19371
19403
19413
19445
19463
19495
19527
19543
19575
19577
19609
19641
19673
19683
19715
19733
19765
19797
19799
19830
19831
19863
19875
19903
19935
19941
19973
19977
20009
20014
20046
20078
20088
20120
20141
20173
20203
20220
20252
20284
20286
20318
20320
20322
20354
20355
20360
20367
20378
20410
20431
20446
20473
20500
20511
20523
20540
20572
20573
20588
20606
20608
20622
20654
20658
20688
20689
20715
20717
20718
20743
20775
20786
20788
20805
20806
20838
20855
20887
20919
20922
20954
20986
21001
21033
21065
21082
21114
21146
21178
21210
21212
21244
21276
21308
21310
21312
21344
21376
21400
21432
21464
21496
21527
21559
21591
21597
21629
21661
21677
21709
21726
21758
21790
21804
21811
21843
21858
21881
21882
21903
21930
21962
21973
22001
22003
22035
22067
22099
22126
22151
22183
22206
22235
22261
22288
22296
22321
22353
22365
22377
22385
22403
22424
22426
22427
22442
22474
22477
22509
22528
22534
22560
22571
22585
22587
22617
22649
22664
22691
22717
22718
22719
22722
22723
22738
22770
22793
22825
22857
22881
22892
22924
22927
22928
22937
22969
22995
22996
23023
23025
23026
23044
23046
23078
23101
23133
23138
23170
23184
23192
23210
23213
23232
23259
23276
23299
23331
23344
23346
23378
23397
23429
23446
23478
23492
23494
23525
23538
23541
23542
23559
23562
23594
23599
23601
23633
23635
23663
23695
23725
23729
23756
23761
23793
23796
23797
23815
23825
23846
23869
23871
23903
23908
23940
23969
24001
24006
24032
24057
24059
24091
24096
24124
24140
24141
24165
24197
24213
24245
24261
24278
24310
24327
24359
24368
24400
24412
24415
24416
24438
24444
24476
24508
24527
24529
24555
24587
24619
24633
24665
24671
24703
24715
24747
24752
24784
24787
24790
24822
24848
24864
24888
24920
24934
24938
24970
25002
25034
25036
25048
25065
25075
25084
25087
25091
25092
25114
25137
25169
25201
25207
25208
25238
25270
25277
25309
25315
25330
25342
25355
25356
25364
25368
25400
25432
25436
25460
25492
25524
25556
25568
25600
25606
25638
25642
25674
25689
25721
25739
25771
25803
25805
25837
25859
25862
25894
25926
25933
25935
25936
25938
25939
25947
25950
25982
25984
26016
26031
26063
26086
26118
26124
26156
26176
26207
26239
26247
26279
26295
26327
26328
26337
26360
26388
26417
26426
26450
26451
26455
26487
26501
26505
26507
26511
26530
26531
26533
26557
26589
26592
26624
26640
26656
26688
26714
26742
26746
26773
26805
26814
26846
26850
26882
26901
26933
26937
26964
26979
27011
27014
27015
27022
27041
27048
27080
27086
27118
27135
27155
27187
27198
27230
27256
27259
27266
27298
27330
27362
27388
27389
27398
27430
27442
27461
27471
27482
27483
27515
27536
27555
27556
27576
27599
27600
27607
27629
27644
27661
27662
27694
27703
27735
27747
27776
27803
27805
27825
27857
27859
27861
27881
27882
27914
27916
27948
27949
27974
27976
27998
28029
28061
28082
28114
28146
28159
28191
28207
28239
28248
28280
28312
28313
28345
28377
28385
28417
28449
28465
28497
28506
28538
28542
28574
28575
28607
28639
28655
28687
28708
28740
28772
28780
28812
28828
28860
28892
28924
28931
28963
28995
29007
29039
29071
29103
29123
29155
29182
29210
29242
29246
29278
29310
29342
29343
29375
29407
29422
29454
29459
29491
29515
29547
29579
29594
29626
29658
29690
29697
29704
29736
29755
29783
29815
29835
29867
29868
29900
29921
29953
29960
29992
30004
30036
30056
30088
30093
30121
30152
30171
30203
30209
30216
30248
30257
30284
30316
30322
30354
30358
30389
30421
30432
30464
30469
30501
30510
30542
30548
30580
30586
30618
30631
30663
30671
30703
30712
30744
30776
30784
30816
30835
30867
30883
30905
30926
30935
30959
30972
30988
30997
31018
31041
31073
31082
31088
31101
31133
31162
31194
31226
31234
31254
31286
31301
31306
31331
31343
31345
31371
31373
31405
31409
31414
31418
31447
31465
31469
31501
31510
31537
31569
31571
31572
31596
31628
31633
31646
31655
31687
31707
31739
31747
31768
31797
31829
31845
31858
31864
31896
31900
31924
31956
31987
32019
32023
32052
32084
32096
32128
32140
32172
32175
32207
32220
32252
32266
32298
32301
32333
32339
32371
32374
32406
32421
32451
32483
32503
32535
32558
32590
32600
32632
32659
32691
32701
32733
32736
32768
32779
32785
32817
32836
32868
32900
32912
32944
32964
32996
33012
33044
33064
33096
33122
33154
33163
33195
33202
33234
33266
33272
33304
33336
33368
33371
33403
33424
33433
33436
33440
33472
33490
33522
33545
33577
33580
33600
33632
33635
33667
33678
33710
33731
33763
33766
33798
33799
33817
33845
33860
33885
33917
33932
33942
33974
34006
34038
34070
34074
34106
34117
34119
34137
34169
34181
34213
34214
34228
34245
34277
34279
34283
34315
34347
34373
34393
34425
34453
34485
34502
34534
34566
34595
34627
34659
34667
34699
34719
34751
34755
34787
34790
34822
34848
34879
34911
34927
34940
34972
35004
35008
35040
35072
35095
35127
35159
35174
35206
35224
35256
35288
35294
35326
35356
35388
35420
35439
35471
35497
35529
35541
35573
35605
35637
35661
35666
35698
35704
35736
35750
35782
35814
35829
35833
35865
35881
35913
35932
35952
35955
35983
36002
36024
36044
36045
36057
36067
36068
36089
36121
36146
36156
36178
36210
36228
36260
36274
36306
36316
36348
36380
36412
36415
36447
36452
36484
36516
36519
36551
36556
36588
36596
36628
36637
36639
36641
36673
36689
36721
36753
36785
36789
36796
36798
36799
36812
36814
36846
36857
36889
36921
36924
36928
36960
36981
36999
37011
37022
37028
37060
37062
37093
37105
37109
37110
37141
37154
37175
37187
37219
37236
37268
37300
37332
37345
37350
37382
37397
37429
37431
37463
37466
37498
37505
37537
37568
37593
37601
37633
37665
37676
37706
37738
37753
37785
37806
37838
37849
37881
37913
37915
37947
37961
37993
38009
38041
38049
38079
38111
38143
38175
38178
38210
38216
38248
38280
38312
38344
38362
38394
38426
38458
38482
38514
38546
38578
38605
38637
38669
38685
38717
38749
38781
38787
38819
38851
38853
38885
38917
38949
38950
38982
39014
39027
39059
39069
39101
39133
39160
39192
39224
39234
39266
39298
39325
39357
39361
39393
39425
39457
39489
39495
39527
39542
39574
39597
39629
39661
39692
39724
39756
39788
39803
39835
39867
39899
39901
39933
39944
39976
39987
40019
40051
40074
40106
40138
40165
40197
40229
40261
40264
40296
40328
40348
40380
40396
40428
40443
40475
40507
40536
40568
40579
40611
40614
40646
40678
40679
40711
40743
40764
40796
40828
40852
40884
40916
40928
40960
40992
41008
41040
41072
41101
41133
41148
41180
41190
41222
41254
41286
41299
41330
41362
41394
41406
41438
41449
41481
41513
41515
41547
41561
41593
41625
41638
41670
41702
41722
41754
41774
41806
41838
41870
41902
41911
41943
41956
41988
42020
42038
42070
42091
42123
42141
42171
42203
42227
42259
42280
42312
42344
42358
42390
42422
42454
42486
42499
42531
42547
42579
42611
42616
42648
42680
42684
42716
42723
42755
42787
42819
42847
42879
42911
42924
42956
42988
42996
43028
43038
43070
43095
43127
43159
43191
43223
43225
43257
43284
43316
43345
43377
43379
43411
43431
43463
43495
43497
43529
43561
43568
43600
43612
43644
43676
43699
43731
43733
43765
43780
43812
43815
43847
43879
43883
43915
43936
43968
43987
44019
44051
44064
44096
44107
44139
44171
44174
44206
44238
44253
44285
44290
44322
44333
44365
44397
44429
44431
44463
44495
44497
44529
44561
44563
44595
44627
44632
44664
44679
44711
44728
44760
44781
44813
44828
44860
44891
44923
44936
44968
44983
45015
45047
45055
45087
45099
45131
45163
45185
45217
45219
45251
45253
45285
45317
45349
45352
45373
45380
45398
45407
45410
45411
45434
45466
45498
45507
45539
45557
45576
45597
45613
45628
45651
45683
45692
45707
45725
45757
45758
45783
45806
45838
45870
45874
45906
45913
45928
45950
45972
46004
46034
46066
46073
46096
46128
46137
46169
46201
46207
46239
46256
46288
46310
46342
46374
46387
46419
46431
46441
46473
46488
46512
46544
46545
46577
46587
46619
46638
46670
46702
46734
46752
46784
46806
46838
46870
46884
46916
46926
46928
46960
46962
46993
47025
47029
47031
47059
47091
47098
47130
47143
47147
47179
47211
47229
47261
47293
47299
47331
47363
47369
47401
47426
47458
47490
47518
47550
47582
47590
47622
47654
47661
47693
47725
47733
47765
47790
47822
47832
47864
47896
47906
47938
47953
47982
47991
47997
48029
48043
48044
48076
48108
48140
48142
48174
48188
48220
48223
48255
48259
48291
48323
48338
48370
48374
48406
48438
48470
48472
48504
48536
48567
48599
48609
48641
48673
48687
48714
48743
48775
48779
48811
48814
48841
48873
48888
48905
48937
48969
48976
49008
49040
49045
49077
49095
49126
49158
49171
49181
49210
49242
49246
49265
49297
49309
49333
49365
49372
49377
49393
49425
49436
49448
49480
49482
49499
49522
49549
49581
49592
49593
49625
49634
49662
49667
49669
49676
49690
49722
49734
49754
49782
49814
49834
49866
49869
49876
49908
49910
49942
49947
49971
50003
50033
50043
50075
50076
50108
50109
50122
50149
50181
50194
50213
50245
50257
50288
50320
50333
50350
50382
50393
50424
50456
50488
50520
50525
50526
50531
50553
50574
50606
50612
50642
50674
50693
50708
50740
50756
50788
50798
50821
50853
50856
50888
50890
50922
50954
50955
50961
50993
51001
51033
51042
51058
51077
51091
51108
51130
51148
51169
51201
51207
51239
51254
51286
51318
51336
51351
51362
51394
51400
51413
51435
51453
51473
51475
51494
51526
51558
51564
51571
51603
51609
51632
51664
51696
51714
51746
51753
51758
51772
51779
51802
51821
51853
51855
51887
51919
51942
51944
51963
51972
51977
51991
51996
52028
52060
52072
52076
52085
52117
52126
52158
52167
52174
52206
52238
52254
52281
52303
52325
52327
52343
52370
52392
52424
52456
52464
52468
52500
52503
52505
52537
52549
52551
52555
52587
52615
52637
52658
52673
52705
52721
52730
52762
52794
52799
52814
52837
52854
52886
52918
52941
52953
52966
52967
52999
53031
53063
53090
53117
53142
53161
53193
53225
53251
53269
53301
53320
53352
53372
53404
53419
53451
53467
53499
53510
53542
53556
53587
53619
53621
53653
53665
53686
53705
53737
53769
53771
53802
53826
53855
53878
53903
53935
53944
53972
54002
54030
54062
54094
54113
54138
54170
54202
54234
54237
54269
54276
54308
54328
54360
54381
54413
54423
54455
54467
54499
54531
54563
54584
54616
54629
54661
54676
54706
54711
54742
54766
54798
54830
54840
54864
54896
54905
54937
54944
54945
54975
54988
55020
55030
55062
55087
55092
55124
55156
55173
55205
55237
55269
55291
55319
55351
55366
55398
55414
55446
55478
55486
55512
55544
55545
55577
55592
55624
55632
55661
55673
55677
55709
55741
55759
55788
55815
55829
55842
55874
55881
55886
55918
55927
55958
55972
56004
56033
56038
56070
56078
56096
56128
56146
56166
56198
56213
56245
56257
56289
56321
56338
56370
56402
56413
56422
56454
56486
56507
56529
56561
56589
56605
56637
56655
56687
56689
56721
56753
56771
56803
56810
56835
56841
56873
56905
56915
56947
56958
56990
56999
57031
57063
57066
57080
57112
57130
57162
57179
57200
57218
57250
57253
57285
57301
57333
57343
57369
57401
57433
57464
57496
57497
57529
57559
57591
57600
57601
57613
57645
57663
57669
57701
57720
57727
57759
57791
57823
57855
57887
57896
57897
57914
57946
57947
57979
57990
58006
58038
58070
58074
58106
58117
58141
58173
58205
58217
58249
58281
58288
58320
58334
58354
58359
58368
58393
58420
58452
58484
58492
58524
58556
58561
58571
58596
58628
58636
58668
58676
58708
58726
58744
58767
58798
58820
58852
58860
58891
58892
58914
58946
58957
58973
58994
59026
59036
59038
59070
59102
59120
59152
59172
59178
59184
59216
59218
59250
59282
59314
59316
59348
59349
59351
59378
59402
59434
59447
59457
59489
59493
59495
59499
59531
59542
59566
59598
59613
59645
59663
59695
59699
59731
59759
59790
59801
59821
59853
59868
59878
59898
59918
59919
59951
59953
59964
59965
59997
60008
60019
60043
60063
60088
60120
60139
60140
60172
60201
60202
60234
60245
60277
60295
60327
60348
60380
60386
60415
60444
60476
60487
60513
60514
60515
60533
60565
60581
60594
60626
60630
60637
60649
60651
60652
60667
60695
60727
60733
60761
60775
60807
60816
60841
60868
60871
60903
60908
60940
60941
60949
60974
61006
61014
61037
61039
61064
61094
61097
61107
61139
61148
61165
61197
61206
61238
61270
61272
61276
61286
61301
61320
61352
61384
61401
61433
61464
61496
61516
61548
61573
61577
61606
61638
61653
61684
61690
61698
61730
61747
61763
61795
61820
61852
61868
61892
61924
61925
61935
61943
61973
61978
61999
62005
62037
62040
62042
62065
62097
62123
62124
62156
62188
62194
62220
62252
62274
62306
62338
62345
62377
62381
62413
62427
62428
62460
62472
62504
62536
62546
62578
62609
62641
62673
62685
62717
62749
62755
62783
62815
62847
62872
62904
62909
62934
62954
62986
62998
63016
63048
63053
63085
63088
63108
63125
63153
63185
63187
63218
63247
63279
63282
63314
63321
63353
63385
63390
63422
63428
63457
63489
63500
63532
63559
63591
63599
63631
63663
63667
63699
63707
63739
63750
63782
63796
63828
63843
63875
63906
63938
63970
63972
64004
64036
64051
64083
64104
64136
64155
64187
64215
64247
64275
64307
64335
64367
64390
64422
64454
64474
64506
64538
64541
64573
64579
64611
64623
64655
64679
64711
64719
64751
64771
64803
64835
64867
64869
64901
64907
64939
64944
64976
64980
65012
65016
65047
65079
65091
65123
65125
65157
65159
65191
65192
65224
65227
65259
65261
65287
65314
65346
65364
65396
65404
65435
65467
65472
65501
65530
65551
65563
65576
65608
65617
65649
65652
65680
65712
65744
65745
65777
65783
65814
65846
65878
65891
65923
65951
65983
66015
66045
66077
66109
66115
66147
66179
66211
66243
66251
66283
66296
66328
66360
66365
66397
66429
66441
66470
66481
66513
66526
66558
66573
66605
66637
66656
66688
66720
66747
66779
66807
66839
66845
66877
66890
66922
66925
66957
66966
66998
67020
67052
67083
67115
67147
67148
67180
67212
67244
67255
67287
67319
67326
67358
67361
67393
67406
67438
67446
67478
67482
67514
67546
67578
67610
67615
67641
67666
67686
67718
67722
67754
67769
67800
67832
67833
67859
67891
67896
67897
67929
67938
67970
67971
68003
68013
68045
68050
68075
68099
68131
68147
68163
68195
68200
68220
68252
68254
68284
68316
68324
68356
68367
68399
68431
68443
68466
68476
68505
68537
68569
68601
68611
68643
68655
68662
68693
68701
68733
68765
68773
68805
68823
68851
68883
68909
68941
68947
68979
68983
69015
69027
69059
69067
69099
69109
69135
69149
69178
69210
69242
69274
69280
69312
69339
69351
69383
69415
69421
69453
69485
69496
69528
69543
69575
69593
69625
69626
69658
69684
69707
69739
69770
69802
69819
69851
69859
69891
69902
69934
69936
69968
69975
70007
70020
70052
70084
70086
70118
70119
70151
70173
70205
70214
70241
70273
70278
70310
70342
70356
70368
70400
70404
70427
70452
70484
70516
70523
70555
70564
70596
70601
70633
70665
70670
70702
70722
70754
70762
70794
70810
70842
70860
70888
70920
70934
70966
70998
71012
71044
71063
71095
71102
71134
71145
71177
71184
71216
71228
71260
71269
71301
71315
71347
71359
71391
71419
71451
71470
71502
71514
71518
71534
71540
71572
71583
71603
71635
71652
71684
71703
71735
71758
71790
71799
71831
71841
71873
71898
71930
71937
71969
71982
72014
72046
72050
72082
72099
72131
72137
72169
72182
72214
72246
72248
72280
72312
72313
72345
72369
72401
72411
72443
72445
72475
72507
72538
72569
72597
72629
72633
72665
72667
72699
72713
72720
72736
72750
72782
72814
72846
72847
72879
72911
72943
72953
72985
72989
73007
73039
73043
73075
73085
73117
73149
73160
73185
73217
73222
73254
73255
73287
73288
73292
73318
73350
73382
73408
73421
73453
73466
73498
73502
73534
73535
73558
73586
73618
73622
73653
73685
73699
73731
73736
73750
73782
73799
73819
73851
73865
73878
73903
73912
73919
73951
73983
73988
74020
74052
74064
74096
74102
74119
74130
74132
74140
74157
74189
74198
74230
74239
74271
74272
74290
74321
74329
74361
74373
74382
74409
74423
74455
74462
74463
74473
74474
74475
74484
74494
74497
74498
74514
74546
74567
74599
74610
74615
74621
74622
74654
74669
74692
74721
74753
74754
74786
74804
74836
74842
74848
74880
74912
74920
74927
74959
74979
74991
75023
75038
75070
75102
75120
75152
75161
75189
75191
75223
75224
75256
75275
75276
75301
75317
75329
75331
75363
75372
75394
75426
75432
75464
75470
75502
75506
75535
75566
75598
75605
75636
75668
75700
75712
75744
75762
75794
75798
75829
75861
75893
75894
75925
75953
75954
75986
76018
76019
76051
76062
76094
76098
76107
76139
76148
76180
76201
76228
76247
76279
76285
76317
76347
76379
76411
76412
76443
76475
76507
76535
76551
76569
76601
76632
76658
76690
76697
76729
76748
76761
76764
76796
76828
76839
76871
76883
76915
76947
76961
76993
77007
77014
77032
77064
77088
77089
77091
77123
77127
77159
77174
77206
77226
77258
77277
77309
77341
77350
77382
77399
77406
77438
77457
77489
77495
77527
77559
77574
77606
77612
77635
77667
77699
77710
77742
77749
77760
77792
77796
77826
77858
77890
77893
77925
77926
77958
77963
77971
78003
78029
78061
78074
78106
78129
78161
78193
78204
78236
78243
78275
78291
78311
78343
78365
78391
78401
78403
78435
78438
78461
78493
78508
78536
78568
78584
78616
78623
78634
78666
78670
78702
78734
78744
78776
78808
78815
78847
78879
78911
78943
78953
78983
79015
79029
79032
79064
79096
79128
79131
79163
79165
79187
79219
79220
79252
79255
79286
79318
79349
79381
79391
79418
79450
79482
79486
79518
79550
79575
79607
79612
79644
79645
79677
79688
79720
79738
79770
79780
79811
79843
79861
79893
79903
79935
79940
79972
79977
80009
80014
80046
80048
80080
80096
80128
80131
80153
80185
80199
80210
80242
80251
80283
80295
80327
80359
80364
80396
80398
80430
80462
80464
80496
80518
80550
80582
80607
80639
80671
80703
80733
80748
80780
80802
80834
80841
80865
80897
80905
80937
80953
80985
81005
81037
81049
81081
81111
81143
81175
81195
81227
81259
81267
81299
81307
81339
81359
81391
81409
81441
81457
81489
81502
81534
81552
81584
81590
81602
81634
81649
81674
81705
81730
81762
81782
81814
81830
81862
81875
81907
81930
81962
81994
82009
82035
82049
82081
82113
82116
82148
82171
82203
82207
82238
82270
82287
82319
82327
82359
82383
82413
82445
82448
82480
82488
82518
82519
82551
82562
82589
82609
82641
82653
82685
82686
82691
82722
82750
82782
82798
82830
82833
82850
82882
82900
82929
82941
82973
82983
83015
83026
83058
83090
83100
83132
83137
83169
83172
83204
83205
83237
83247
83278
83307
83332
83364
83385
83391
83413
83423
83455
83462
83494
83511
83543
83562
83594
83626
83630
83662
83679
83711
83743
83751
83783
83798
83825
83857
83859
83879
83911
83936
83956
83958
83976
83993
84013
84014
84046
84063
84070
84077
84108
84140
84172
84204
84208
84240
84247
84267
84288
84313
84345
84366
84398
84403
84435
84459
84489
84521
84549
84581
84613
84627
84635
84667
84680
84712
84729
84761
84762
84785
84802
84804
84836
84837
84851
84883
84894
84925
84947
84968
85000
85010
85042
85050
85082
85114
85119
85144
85168
85190
85222
85232
85264
85267
85298
85330
85346
85378
85401
85433
85465
85479
85511
85522
85554
85563
85595
85605
85637
85643
85654
85683
85703
85722
85726
85758
85790
85818
85850
85878
85910
85940
85942
85956
85964
85996
86002
86034
86036
86068
86072
86104
86110
86142
86148
86171
86203
86234
86266
86273
86274
86278
86310
86320
86338
86370
86374
86406
86411
86419
86420
86452
86472
86495
86527
86539
86571
86578
86587
86619
86651
86683
86715
86747
86748
86780
86812
86821
86847
86879
86884
86914
86917
86936
86940
86961
86993
87025
87029
87061
87093
87094
87120
87152
87169
87170
87194
87215
87245
87277
87278
87308
87310
87311
87331
87363
87369
87401
87408
87434
87466
87492
87524
87556
87581
87613
87635
87641
87673
87705
87710
87742
87753
87779
87784
87813
87837
87869
87882
87914
87919
87951
87957
87977
88009
88014
88046
88078
88079
88111
88143
88160
88187
88188
88211
88241
88273
88287
88290
88322
88325
88353
88375
88385
88417
88449
88481
88505
88537
88539
88562
88567
88578
88610
88615
88646
88665
88676
88694
88712
88744
88755
88787
88819
88842
88874
88906
88915
88947
88963
88995
89007
89039
89047
89074
89096
89121
89153
89168
89193
89211
89236
89260
89279
89309
89333
89363
89395
89427
89441
89450
89472
89504
89507
89534
89566
89592
89612
89644
89673
89699
89714
89737
89769
89773
89800
89832
89835
89867
89899
89906
89938
89953
89959
89978
89986
90018
90028
90060
90073
90091
90096
90126
90158
90190
90222
90254
90255
90259
90291
90316
90348
90365
90397
90425
90450
90482
90497
90512
90544
90576
90595
90627
90640
90672
90704
90710
90719
90748
90772
90804
90836
90859
90891
90923
90938
90970
91002
91009
91041
91057
91058
91083
91089
91121
91153
91185
91186
91218
91250
91252
91281
91313
91324
91356
91388
91409
91425
91457
91489
91507
91539
91560
91592
91608
91640
91672
91704
91720
91752
91772
91804
91822
91854
91873
91905
91914
91946
91949
91981
92006
92038
92070
92081
92113
92145
92177
92185
92217
92223
92242
92274
92294
92326
92343
92375
92380
92412
92418
92450
92453
92477
92509
92527
92559
92572
92604
92617
92631
92659
92691
92713
92726
92752
92753
92769
92790
92822
92835
92867
92899
92902
92934
92945
92976
93005
93037
93047
93069
93101
93106
93129
93138
93157
93175
93207
93208
93227
93259
93280
93286
93318
93350
93354
93386
93418
93450
93482
93484
93516
93548
93564
93596
93606
93612
93635
93654
93663
93695
93706
93738
93770
93782
93814
93826
93858
93869
93880
93911
93924
93932
93936
93954
93986
94002
94029
94056
94088
94098
94121
94137
94161
94193
94204
94236
94250
94282
94283
94311
94343
94375
94407
94415
94447
94466
94498
94509
94541
94564
94596
94619
94651
94662
94694
94726
94758
94790
94792
94822
94837
94869
94901
94902
94934
94948
94980
95012
95035
95067
95084
95116
95126
95152
95184
95192
95207
95231
95233
95260
95278
95285
95317
95326
95358
95359
95385
95409
95441
95453
95474
95477
95509
95520
95524
95536
95540
95572
95604
95609
95641
95655
95687
95688
95720
95726
95736
95743
95749
95764
95791
95823
95828
95844
95852
95884
95905
95937
95959
95984
96001
96033
96041
96042
96074
96076
96099
96119
96137
96144
96175
96207
96210
96228
96238
96246
96275
96307
96317
96349
96381
96413
96445
96472
96504
96511
96543
96548
96580
96596
96625
96657
96678
96697
96714
96746
96750
96782
96785
96811
96814
96846
96855
96887
96919
96921
96953
96985
96999
97024
97056
97072
97095
97127
97142
97159
97191
97194
97223
97255
97287
97292
97324
97356
97369
97397
97426
97444
97448
97480
97487
97519
97532
97564
97596
97615
97647
97659
97670
97697
97717
97718
97734
97748
97778
97806
97838
97841
97873
97875
97907
97909
97939
97949
97980
98012
98023
98055
98066
98098
98130
98134
98135
98140
98172
98192
98206
98215
98247
98279
98288
98320
98352
98384
98396
98428
98446
98478
98510
98542
98543
98575
98586
98618
98624
98656
98667
98699
98707
98721
98753
98759
98785
98817
98836
98868
98898
98930
98935
98939
98947
98979
98987
98995
99000
99032
99035
99067
99072
99104
99124
99148
99180
99182
99214
99227
99259
99280
99312
99315
99347
99374
99391
99423
99434
99466
99498
99508
99540
99570
99602
99628
99660
99670
99702
99719
99751
99773
99805
99818
99822
99851
99883
99915
99947
99953
99957
99989
100000
100010
100024
100036
100066
100098
100122
100154
100157
100189
100221
100226
100258
100259
100290
100322
100336
100359
100391
100411
100438
100470
100472
100504
100529
100555
100587
100590
100618
100628
100649
100676
100683
100715
100747
100763
100795
100812
100844
100876
100908
100919
100949
100981
100993
101025
101040
101072
101086
101100
101132
101148
101156
101188
101202
101234
101242
101274
101306
101338
101363
101373
101377
101409
101437
101440
101463
101471
101503
101514
101546
101578
101580
101612
101644
101651
101683
101703
101730
101751
101783
101787
101795
101817
101839
101871
101875
101907
101923
101955
101987
101995
102027
102039
102071
102085
102104
102136
102138
102170
102176
102185
102193
102199
102231
102234
102263
102295
102301
102331
102363
102371
102403
102435
102439
102471
102479
102511
102522
102554
102558
102590
102613
102638
102670
102702
102713
102745
102756
102783
102807
102829
102861
102883
102915
102940
102954
102982
103004
103017
103049
103062
103094
103126
103144
103176
103192
103224
103228
103260
103266
103268
103277
103309
103331
103363
103379
103411
103422
103454
103460
103491
103492
103524
103532
103564
103576
103608
103627
103655
103687
103708
103740
103761
103793
103825
103833
103847
103879
103887
103917
103947
103979
103982
104014
104020
104052
104060
104092
104124
104142
104174
104206
104211
104243
104257
104259
104261
104289
104321
104336
104368
104383
104415
104429
104461
104466
104498
104512
104544
104547
104579
104611
104636
104665
104697
104707
104739
104769
104801
104812
104844
104876
104908
104940
104944
104976
104979
105010
105042
105071
105103
105134
105149
105181
105213
105222
105254
105286
105296
105321
105341
105373
105383
105410
105442
105463
105495
105527
105559
105591
105604
105614
105646
105648
105677
105680
105712
105717
105729
105745
105748
105771
105803
105811
105814
105843
105875
105877
105909
105926
105957
105959
105979
106000
106032
106042
106074
106078
106081
106094
106119
106130
106138
106166
106198
106201
106219
106238
106270
106285
106317
106332
106364
106396
106416
106448
106480
106484
106491
106521
106522
106554
106565
106597
106607
106615
106647
106664
106696
106712
106744
106764
106786
106818
106839
106871
106903
106917
106932
106944
106976
106986
106987
107009
107014
107046
107056
107088
107106
107138
107148
107167
107168
107200
107221
107253
107285
107294
107326
107358
107390
107399
107431
107463
107489
107521
107526
107558
107579
107611
107622
107649
107681
107697
107729
107741
107764
107769
107801
107825
107857
107883
107886
107916
107948
107967
107999
108009
108027
108059
108068
108100
108116
108148
108151
108183
108199
108222
108254
108255
108287
108304
108305
108337
108358
108390
108397
108401
108433
108437
108469
108476
108477
108509
108541
108553
108575
108577
108609
108620
108650
108660
108663
108693
108711
108743
108760
108761
108778
108799
108816
108844
108876
108884
108886
108887
108912
108917
108919
108949
108951
108952
108984
108993
109014
109035
109065
109068
109100
109118
109150
109157
109162
109194
109215
109247
109279
109284
109316
109322
109354
109373
109405
109425
109457
109464
109496
109519
109551
109583
109597
109629
109651
109683
109715
109727
109759
109791
109796
109828
109854
109886
109906
109938
109954
109986
110006
110038
110057
110089
110097
110129
110161
110164
110196
110221
110253
110257
110289
110296
110328
110347
110379
110385
110417
110431
110463
110476
110508
110524
110556
110561
110593
110621
110653
110672
110704
110716
110738
110739
110740
110763
110773
110785
110806
110838
110864
110896
110902
110934
110938
110962
110963
110964
110970
110974
110975
110977
111009
111023
111024
111056
111087
111119
111130
111162
111188
111220
111245
111270
111276
111301
111302
111322
111354
111358
111390
111401
111419
111447
111464
111465
111480
111484
111485
111517
111537
111569
111601
111610
111636
111655
111682
111683
111687
111688
111720
111729
111761
111768
111800
111813
111845
111852
111884
111912
111932
111964
111970
111991
112001
112033
112047
112057
112059
112061
112079
112102
112130
112162
112164
112196
112205
112223
112235
112250
112254
112286
112295
112308
112340
112344
112354
112357
112359
112391
112423
112433
112465
112484
112515
112547
112565
112597
112617
112649
112679
112711
112743
112760
112792
112824
112827
112859
112891
112902
112934
112939
112971
112983
113015
113021
113042
113067
113093
113117
113140
113143
113156
113182
113183
113185
113188
113220
113221
113224
113226
113227
113259
113263
113295
113327
113359
113366
113398
113400
113432
113446
113463
113483
113512
113544
113553
113574
113606
113619
113641
113673
113705
113711
113743
113759
113791
113803
113832
113851
113882
113898
113919
113951
113954
113986
114018
114021
114053
114085
114108
114140
114163
114171
114203
114209
114211
114234
114250
114276
114299
114331
114363
114388
114399
114431
114435
114467
114499
114515
114547
114550
114578
114610
114642
114645
114675
114707
114719
114744
114767
114799
114808
114840
114867
114894
114918
114939
114971
114997
115029
115034
115044
115076
115095
115127
115134
115166
115169
115201
115217
115237
115241
115273
115279
115307
115328
115358
115390
115422
115434
115453
115485
115517
115549
115563
115595
115611
115643
115645
115670
115700
115732
115737
115738
115762
115763
115795
115806
115838
115847
115854
115870
115884
115916
115922
115954
115962
115994
116017
116049
116063
116094
116126
116158
116188
116192
116209
116220
116252
116255
116287
116317
116349
116362
116394
116406
116438
116457
116489
116499
116531
116563
116593
116596
116628
116642
116674
116697
116699
116707
116730
116746
116778
116810
116818
116833
116854
116866
116868
116900
116906
116917
116943
116973
117005
117020
117052
117084
117092
117124
117127
117159
117163
117195
117200
117232
117242
117274
117306
117309
117341
117356
117388
117389
117421
117441
117473
117486
117518
117520
117552
117584
117596
117627
117659
117684
117716
117731
117763
117764
117796
117809
117841
117847
117849
117877
117909
117911
117928
117960
117967
117970
117978
118010
118032
118064
118077
118109
118141
118148
118180
118212
118238
118270
118287
118313
118314
118330
118346
118351
118383
118410
118442
118474
118477
118509
118537
118560
118592
118598
118620
118640
118642
118674
118706
118708
118737
118769
118782
118814
118823
118855
118859
118891
118907
118939
118956
118988
119020
119041
119073
119105
119114
119146
119151
119183
119194
119226
119258
119270
119302
119334
119366
119367
119384
119403
119415
119447
119456
119488
119507
119539
119562
119582
119600
119620
119629
119661
119669
119691
119708
119721
119724
119756
119760
119785
119817
119849
119881
119894
119923
119941
119954
119981
119994
120008
120025
120050
120077
120109
120135
120142
120174
120203
120235
120244
120248
120274
120300
120332
120348
120377
120409
120411
120433
120435
120467
120468
120488
120520
120526
120527
120559
120591
120592
120596
120613
120626
120644
120674
120706
120728
120760
120780
120812
120828
120860
120887
120919
120943
120968
120989
120991
121020
121052
121084
121108
121140
121172
121179
121191
121217
121249
121251
121276
121308
121317
121320
121341
121373
121378
121410
121411
121443
121465
121472
121488
121520
121546
121578
121597
121606
121612
121621
121645
121656
121669
121701
121723
121724
121730
121762
121776
121778
121782
121811
121843
121858
121882
121883
121888
121914
121934
121966
121970
121994
122018
122041
122064
122082
122088
122105
122137
122153
122185
122201
122233
122265
122280
122312
122317
122336
122358
122390
122402
122434
122436
122460
122488
122517
122542
122574
122584
122616
122625
122657
122685
122717
122733
122765
122788
122820
122841
122843
122875
122890
122922
122931
122963
122966
122987
123014
123046
123048
123072
123096
123120
123152
123173
123205
123235
123267
123299
123306
123338
123343
123375
123393
123425
123457
123469
123501
123533
123541
123573
123601
123633
123643
123675
123689
123721
123727
123759
123765
123797
123800
123832
123834
123855
123887
123910
123942
123946
123972
124001
124030
124062
124093
124125
124128
124157
124189
124197
124217
124218
124250
124266
124298
124305
124335
124367
124368
124397
124429
124437
124469
124472
124504
124523
124545
124572
124604
124618
124641
124673
124690
124713
124737
124769
124794
124826
124849
124881
124893
124925
124935
124967
124972
125004
125029
125061
125090
125122
125125
125157
125171
125173
125188
125220
125252
125278
125310
125342
125347
125379
125411
125431
125463
125477
125509
125541
125556
125573
125588
125616
125639
125671
125678
125700
125703
125735
125760
125792
125798
125823
125855
125858
125888
125918
125948
125980
125986
126018
126021
126053
126058
126084
126099
126113
126122
126126
126127
126146
126165
126187
126219
126240
126272
126291
126323
126355
126357
126389
126411
126443
126448
126480
126488
126520
126552
126557
126589
126610
126634
126666
126698
126730
126733
126765
126787
126819
126829
126851
126883
126912
126944
126948
126951
126983
127015
127025
127032
127050
127069
127088
127118
127139
127171
127203
127213
127239
127271
127279
127311
127322
127349
127381
127391
127413
127426
127433
127465
127478
127502
127534
127555
127584
127616
127619
127651
127664
127696
127718
127750
127782
127788
127820
127852
127854
127875
127907
127930
127945
127967
127997
128029
128037
128069
128079
128110
128134
128158
128189
128221
128226
128227
128243
128275
128293
128311
128341
128358
128371
128392
128403
128432
128464
128493
128503
128517
128543
128575
128579
128611
128617
128649
128655
128668
128700
128723
128739
128771
128803
128809
128841
128855
128887
128904
128909
128919
128951
128983
128984
129016
129036
129062
129094
129112
129144
129176
129183
129198
129202
129205
129237
129249
129260
129292
129309
129323
129324
129356
129388
129390
129404
129431
129450
129473
129477
129479
129511
129519
129520
129526
129535
129567
129599
129608
129622
129654
129664
129696
129715
129747
129779
129796
129825
129828
129855
129887
129900
129916
129948
129949
129957
129983
130015
130023
130055
130060
130092
130117
130149
130181
130192
130216
130236
130268
130270
130302
130318
130350
130380
130412
130421
130453
130455
130484
130515
130538
130555
130581
130599
130630
130662
130663
130695
130703
130735
130737
130769
130773
130803
130820
130852
130860
130872
130886
130904
130932
130963
130982
130998
131009
131023
131040
131072
131083
131088
131114
131146
131159
131188
131220
131252
131268
131300
131332
131339
131371
131376
131403
131435
131467
131469
