0
823
1751
2757
3781
4787
5845
6824
7718
8661
9602
10593
11564
12411
13078
13594
13988
14272
14457
14584
14734
14972
15356
15876
16548
16782
17030
17288
17576
17887
18189
18455
18708
18976
19223
19481
19752
19980
20159
20290
20396
20471
20519
20561
20603
20662
20793
20957
21166
21308
21433
21571
21702
21854
21998
22127
22243
22364
22488
22645
22779
22907
22998
23072
23125
23156
23185
23208
23239
23275
23348
23422
23537
23561
23595
23617
23645
23678
23710
23736
23757
23778
23797
23821
23843
23866
23880
23896
23904
23905
23910
23912
23917
23923
23932
23949
23970
