0
51
179
229
250
447
518
549
688
793
1192
1327
1350
1458
1483
1682
1717
1927
2227
2478
2502
2524
2820
3121
3256
3339
3736
3804
3909
4017
4060
4178
4226
4610
4774
4970
5317
5368
5466
5527
5622
5646
5875
5899
6089
6384
6425
6447
7037
7145
7187
7227
7305
7983
8023
8047
8114
8177
8611
8822
8892
8927
9422
9519
9546
9666
9691
9754
9825
9890
9944
9973
10016
10268
10310
10483
10570
10609
10748
10779
10826
10911
11027
11126
11156
11195
11243
11302
11370
11391
11615
11659
12084
12301
12322
12420
12501
12653
12672
12779
12853
12959
13090
13204
13250
13310
13357
13478
13515
13595
13674
13766
13825
13893
13989
14027
14110
14613
14834
14939
15000
15072
15129
15730
15753
15823
15874
16047
16069
16227
16359
16652
16741
16909
17087
17157
17530
17729
17794
18034
18089
18112
18157
18224
18256
18295
18716
18900
19516
20101
20333
20796
20820
20846
20888
20984
21129
21551
21572
21608
21627
21922
22029
22538
22563
22672
23074
23129
23155
23701
23784
23808
23830
24385
24480
24793
24870
24914
25029
25138
25197
25497
25579
25678
25761
25811
25932
26344
26414
26445
26597
26626
27148
27387
27446
28260
28292
28314
28689
29089
29114
29200
29864
29991
30432
30582
30612
30635
30813
30838
30946
30981
31090
31112
31277
31311
32101
32121
32206
32242
32342
32371
32451
32703
32906
33412
33433
33460
33491
33702
33881
33976
34066
34119
34148
34584
34646
34812
35065
35136
35276
35333
35605
35638
35720
36478
36507
36538
36572
36682
36701
36773
36833
36884
36907
37151
37246
37299
37442
37581
37735
38085
38191
38283
38760
38858
38908
39039
39295
39324
39448
39758
40239
40425
40568
40657
40680
40701
40896
40942
40991
41100
41129
41156
41621
41759
41802
41903
41958
42031
42063
42164
42205
42520
42568
42755
42852
42941
42968
43072
43321
43674
44454
44661
44687
44843
45034
45215
45768
45886
46108
46128
46183
46209
46497
46519
46596
46617
46638
47352
47373
47590
47630
47748
47823
47864
48240
48474
48536
49296
49372
49949
50015
50241
50300
50446
50550
50746
51102
51225
51333
51353
51475
51770
51858
51883
52161
52260
52360
52626
52689
52790
53650
53674
53731
54146
54167
54224
54295
54343
54410
54436
54491
54534
54561
54608
54866
54893
55209
55295
55354
55432
55600
55627
55677
55728
55844
55976
56015
56078
56214
56248
56304
56325
56347
56483
56741
56807
56866
56939
57153
57233
57716
57788
57826
57849
58020
58054
58274
58306
58346
58424
58704
58980
59030
59079
59226
59258
59411
59704
59800
60431
60902
61001
61057
61324
61386
61408
61458
61565
61628
61648
61694
61758
62972
63161
63396
63422
63471
63815
63878
63961
64032
64078
64121
64248
64380
64432
65029
65120
65149
65195
65613
65647
65766
66048
66098
66134
66157
66209
66259
66468
66599
66992
67257
67281
67438
67674
67716
67748
67795
68301
68477
68598
68678
68715
68914
68983
69008
69055
69123
69228
69272
69320
69635
69881
70309
70518
70564
70656
70762
70956
71774
71803
71837
71882
71921
71971
71996
72020
72096
72121
72153
72310
72499
72542
72659
72683
72854
73053
73154
73219
73243
73272
73378
73492
73579
73621
73770
74490
74588
74615
74651
74801
74880
75041
75333
75496
75747
75792
76105
76146
76204
76304
77310
77347
77405
77429
78007
78129
78232
79093
79134
79721
79823
79844
80053
80147
80194
80324
80363
80552
80585
81252
81332
81361
81578
81655
81773
82913
83869
84092
84188
84252
84295
84331
84562
84620
84909
84930
85066
85102
85136
85476
85525
85550
86081
86153
86178
86301
86532
86675
86695
86731
86752
86914
86971
87125
87153
87220
87265
87312
87388
87561
87599
87745
87780
88162
88614
88640
88804
89043
89066
89170
89328
89428
89469
89526
89564
89591
89613
89984
90135
90197
90482
90600
90633
90658
90825
90877
91002
91133
91182
91287
91341
91434
91477
91499
91544
91566
91744
91981
92037
92207
92577
92622
92694
92726
92778
93013
93130
93441
93475
93518
93584
93760
93843
94216
94328
94723
94744
94863
94890
94960
95067
95110
95360
95587
95763
95834
95872
96344
96475
96496
96681
97091
97266
97324
97417
97527
98226
98297
98423
98534
98690
98710
98812
98983
99019
99436
99525
99659
99705
100104
100182
100224
100612
100815
101806
101886
101921
101959
102031
102060
102097
102236
102263
102574
102610
102744
102922
103024
103648
103718
103758
103947
104346
104469
104737
105402
105434
105516
105987
106007
106081
106213
106362
106414
106434
106514
107392
107534
107813
108052
108469
108567
108956
108994
109156
109184
109416
110075
110126
110150
110304
110384
110456
110702
110866
111012
111065
111701
111875
111991
112035
112423
112536
112751
112784
112911
112948
113024
113064
113212
113506
113530
113949
113981
114061
114515
114569
114594
115607
115820
115977
116101
116136
116599
116627
116724
116788
116808
116854
116880
117017
117415
117462
117631
117679
117745
118500
118526
118622
118671
118888
118911
119013
119509
119671
119719
120224
120457
120479
120598
120627
120733
120796
120911
121105
121218
121241
121568
121655
121804
121847
121996
122452
122534
122860
122900
123165
123448
123952
124004
124048
124120
124186
124219
124491
124585
124711
124776
124866
124933
124969
124998
125192
125584
125749
125811
125913
125934
126224
126344
126647
126689
126723
126745
126860
126998
127172
127229
127398
127419
127469
127497
127566
127633
127807
128572
128822
128848
128885
129011
129095
129147
129398
129458
129512
129629
130178
130253
130287
130397
130897
131526
131579
131648
131836
131985
132026
132106
132216
132278
132415
132457
132493
132537
132612
133447
133483
133525
133631
133801
133829
133912
134023
134648
134697
134737
134851
135757
135834
135870
135967
136031
136066
136160
136232
137733
137961
138183
138217
138325
138395
138458
138522
138723
138745
139066
139092
139124
139149
139223
139464
139581
139602
139623
139662
139732
139893
140414
140456
140501
140561
140656
140711
140740
140883
141205
141282
141438
141779
141825
142021
142087
142189
142377
142585
142938
143035
143191
143211
143273
143765
144150
144238
144586
144617
144778
144908
144936
144961
145041
145085
145246
145278
145298
145810
146177
146232
146253
146408
146597
146722
147055
147163
147488
147646
147742
147869
147919
147970
148386
148463
148539
148700
148791
148852
148878
149422
149643
149678
149895
149954
150354
150409
150648
150691
150765
150899
151123
151174
151249
151936
152081
152103
152278
152349
152393
152495
152554
152585
152643
152681
152730
153023
153053
153187
153589
153672
154047
154110
154139
154613
154704
154748
154779
154828
154880
155877
155913
155966
156012
156050
157321
157472
157982
158104
159020
159108
159237
159380
159421
159463
159496
159540
159585
159646
159900
160068
160219
160320
160514
160851
160941
160990
161027
161171
161199
161456
161539
161584
161620
161759
161794
161820
161896
161936
161971
162528
163381
163448
163777
163903
163981
164057
164234
164589
165094
165172
165223
165415
165514
165616
165703
165823
165917
166509
167109
167130
167271
167376
167492
167681
167722
167763
168067
168193
168314
168367
168400
168457
168483
168658
168693
169005
169392
170560
170630
170702
170734
170783
170852
171015
171050
171315
171482
171514
171701
172205
172718
172745
172805
172859
173019
173082
173159
173201
173405
173454
173486
174157
174474
174608
174717
174858
175604
175634
176026
176753
177041
177154
177183
177570
178142
178163
178294
178786
178888
179166
179269
179431
179596
179745
179915
179971
180526
180615
180795
181166
181625
181887
181940
181962
182018
182392
182724
182783
182870
184160
184464
184613
184688
184712
184893
184962
184984
185048
185167
185274
185369
185519
185581
186037
186174
186200
186269
186498
186614
186869
186897
187338
187695
187719
187789
187912
187990
188025
188257
188294
189797
190158
190340
190615
190703
190904
190935
190966
190991
191018
191123
191152
191425
192067
192163
192274
192297
192398
192575
192614
192679
193194
193930
194063
194147
194286
194902
194950
195166
195205
195595
195663
195687
195732
195846
196056
196106
196337
196560
196755
196975
197043
197186
197758
197786
197807
197960
198211
198241
198493
198603
198738
198798
198822
198872
198896
198926
198971
199059
199089
199280
199888
200251
200788
200824
201389
201425
201519
201544
201565
201609
201726
201800
201908
202142
202173
202222
202263
202323
202829
203022
203180
203454
204154
204492
205209
205379
205578
205609
205638
205808
206090
206421
207004
207034
207111
207148
207215
207573
207623
207764
207785
207831
208335
209463
209530
209622
209748
209787
209841
210122
210168
210236
210492
210531
210578
211062
211670
211902
212063
212360
212419
213092
213176
213197
213654
213675
213763
213787
213811
213997
214149
214177
214402
214495
214533
215327
215347
215375
215491
215661
216039
216186
216293
216570
216607
216677
216801
217200
217246
217394
217425
217974
218033
218340
218363
218427
218558
218768
219564
219651
219741
220018
220093
220281
220308
220464
220601
220643
220755
220775
220931
220994
221675
221728
222181
222356
222584
222680
222781
222911
223127
223148
223203
223269
223412
223620
223664
224065
224213
224257
224310
224384
224485
224544
224638
225155
225212
225244
225496
225564
225599
226411
226433
226455
226537
226759
226812
227221
227521
227729
227969
228076
228103
228414
228599
228651
228689
228975
229032
229088
229137
229202
229529
229574
229593
229774
229909
229992
230069
230127
230151
230332
230405
230579
230601
230630
230911
230962
231240
231433
232153
232232
232275
233044
233422
233573
233623
233647
233762
233782
233817
233904
234183
234218
234283
234435
234479
234509
234642
234742
234900
234940
234968
234999
235096
236079
237101
238332
238441
239190
239209
239237
239258
239319
239341
239647
239744
239765
239793
239843
239880
239995
240102
240708
240960
241046
241144
241176
241885
241912
242145
242380
242508
242584
242651
242683
242715
242744
242787
242884
242945
243201
243512
243535
243582
243623
243644
244126
244301
244551
244657
244677
244774
244954
245542
245741
245856
245986
246101
246640
246912
247178
247218
247534
247639
247747
247776
248070
248102
248192
248226
248369
248495
248518
248806
248868
248893
248979
249002
249074
249152
249243
249491
249591
249623
249726
249795
249824
250224
250263
250387
250461
250482
250511
250546
250584
250677
250704
250821
250846
251136
251308
251473
251688
252029
252162
252210
252231
252260
252426
252681
252724
252754
252833
253174
253231
253257
253308
253470
253630
253668
253752
253876
253923
253946
254043
254071
254159
254224
254377
254421
254450
254501
254555
254602
254726
254757
255511
255547
255588
255610
255662
256121
256231
256642
257191
257238
257337
257375
257689
257992
258194
258340
258473
258496
258723
258906
259453
259846
260050
260169
260239
260263
261221
261425
261700
261844
262200
262228
262775
262795
263576
263635
263656
263908
264136
264227
264260
264296
264317
264343
264413
264758
264802
265070
265118
265566
265630
265747
265999
266759
266792
266898
267690
267857
267942
267980
268528
268687
268918
268990
269219
269267
269782
269844
270714
270862
270919
271131
271165
271192
271217
271263
271436
271461
271505
271898
271955
272017
272054
272079
272124
272144
272207
272603
273093
273122
273152
273208
273840
273879
273960
273981
274541
275398
275441
275561
275643
277477
277597
277624
277798
277859
278284
278312
278704
278834
278959
279108
279157
279364
279671
280066
280258
280569
280917
281859
282204
282249
282793
282871
282897
282933
283018
283225
283311
283333
283542
283621
283650
284160
284181
284452
284497
284691
285113
285145
285171
285216
285330
285534
285679
285837
285873
286255
286764
286811
286869
286893
286960
286994
287825
287899
287976
288167
288935
289001
289075
289141
289792
289839
289934
290073
290143
290466
290574
291155
291713
291786
291807
292239
292522
292551
292914
292963
293343
293769
294018
294083
294196
294269
294294
294899
295003
295029
295331
295472
295543
295632
295654
295688
295749
295789
295939
296356
296411
296949
297097
297704
297810
297848
297869
297921
297975
298027
298055
298087
298145
298481
298626
298665
298950
299399
299424
299597
299771
299836
299927
300179
300200
300408
300692
300808
300979
301191
301391
301422
301477
301517
301547
302239
302261
302310
302347
302407
302529
302570
302683
302997
303024
303090
303118
303274
303425
303481
303529
303672
303701
303731
303842
303886
303984
304049
304811
305226
306005
306032
306119
306142
306367
306829
306944
306964
307180
307240
307281
307302
307326
307403
307904
307958
308115
308360
308442
308575
308616
308713
308759
309050
309507
309542
309646
309669
310001
310140
310193
310245
310293
310451
310567
310600
310795
310859
311194
311227
311374
311454
311712
312662
312719
312941
313368
314068
314125
314151
314276
314310
314928
315128
315404
315425
315453
315623
315708
315913
316560
316586
317336
317375
317524
317780
317975
318323
318368
318394
318418
318625
318682
318733
318764
319699
319742
319765
319803
320193
320290
320313
320366
320962
321047
321468
321525
321611
321912
322493
322514
322723
322749
323070
323153
323231
323261
323320
323377
323404
323696
323870
324088
324152
325725
325784
326458
326526
326599
326675
326821
326992
327093
327230
327357
327602
327636
327786
327826
327891
327941
328776
328837
329049
329138
329663
329745
329767
329831
329874
329896
330333
330844
330895
330928
331011
331048
331561
331610
331733
331800
331952
331987
333231
333297
333449
333991
334270
334428
334450
334497
335119
335146
335181
335205
335296
335316
335344
335429
335605
335645
335996
336082
336180
336229
336395
336454
336561
336651
336692
336732
336906
336960
337686
337930
338534
338614
338668
339559
339892
340011
340453
340487
340955
341101
341294
341576
341832
341949
342165
342269
342296
342523
343100
343320
343383
343439
343475
343646
343711
343731
344166
344285
344331
344884
345145
345236
345261
345286
345368
345654
345689
345724
345980
346207
346237
346262
346592
346726
346978
347043
347134
347387
347646
347666
347754
349062
349305
349336
349365
349560
349683
349758
349862
350098
350300
350935
350970
351013
351094
351771
351872
351965
351997
352044
352112
352152
352304
352572
352601
352653
353092
353187
353414
353561
354284
354339
354409
354482
354600
354773
355143
355179
355483
355586
356108
356197
356250
356755
357649
357678
357700
358445
358664
358684
358733
358779
358928
358986
359949
359994
360080
360256
360419
360610
360818
360853
361471
361697
361787
361951
361971
362322
362389
362707
362776
362796
362855
362881
363039
363106
363165
363218
363422
363447
363522
363634
363732
363948
364050
364144
364396
364449
364483
364521
364544
364893
364938
365008
365322
365468
365580
365614
365633
365752
365932
366028
366494
366717
366929
367147
367507
367543
367666
367765
368213
368508
368681
368849
369025
369224
369394
369540
369945
370851
370875
370909
370939
371230
371516
371651
372050
372083
372210
372247
372368
372395
372499
372755
372791
372847
372914
373043
373118
373183
373254
373788
373821
374328
374482
374503
374763
374786
374815
375111
375211
375250
375330
375514
375566
375605
375639
375844
375873
376034
376248
376774
376812
377208
377259
377306
377367
377403
377634
378067
378381
378585
378606
378748
378841
379277
379364
379483
379580
379707
380036
380093
380518
380566
380737
380992
381099
381167
381234
381640
381663
381693
381777
381952
382020
382055
382411
382638
382663
382903
383035
383269
383567
383798
383897
383949
383972
383996
384098
384422
384546
384617
384657
384693
384800
384828
384894
385311
385386
385461
385647
385690
385740
385792
385836
385861
386388
386423
386588
386628
386647
386927
386988
387010
387037
387079
387195
387270
387320
387371
387567
387872
388741
388818
388887
389030
389092
389264
389365
389388
389423
389466
389501
389545
389697
389756
389824
389886
389983
390093
390158
390425
390513
390541
390597
390656
390697
390737
390856
390925
390971
391031
391361
391456
391477
391531
391718
391741
392135
392192
392269
392304
392490
392513
392582
392605
392811
392927
393043
393185
393304
393499
393562
393703
393727
393756
393791
393849
393886
393935
393984
394015
394044
394089
394130
394183
394414
394443
394517
394597
394667
394688
394845
394872
395362
395398
395652
395678
396081
396101
396162
396611
396641
396664
396734
396794
396816
397114
397188
397259
397302
397446
397516
397740
397776
397836
397950
397972
398024
398074
398596
398774
398867
398924
399024
399172
399238
399369
399483
399806
399836
399862
400093
400129
400175
400204
400260
400782
400828
400888
400909
400983
401130
401186
401222
401343
401425
401549
401591
401617
401652
401684
401708
401823
402245
402287
402484
402573
402596
402623
402650
402676
402779
403022
403438
403495
403568
403594
403621
403778
403829
404451
404749
404941
405303
405798
405961
406084
406135
406238
406491
406594
406629
406861
407060
407082
407206
407264
407287
407324
407612
407650
407682
407717
407778
407835
408119
408151
408194
408325
408362
408432
408974
409219
409372
409408
409428
409823
409844
409954
410043
410129
410167
410206
410712
410830
410982
411029
411168
411253
411273
411472
411769
411800
412045
412897
412955
412996
413038
413067
413098
413164
413195
413246
413268
413317
413359
413406
413454
413508
413582
413712
413738
413796
414057
414078
414139
414950
414970
415001
415032
415161
415198
415262
415319
415868
415893
415934
416156
416412
416437
416460
417180
417231
417348
417483
417525
417548
417641
417717
417797
417820
417862
418018
418064
418137
418184
418379
418419
418496
418667
418694
418814
419109
419371
419702
419734
419780
419860
419927
420077
420174
420207
420373
420648
420700
420735
420803
420875
421275
421297
421624
421644
421752
421801
421832
421873
422084
422440
422481
422920
423056
423150
423309
423349
423414
423441
423669
423757
423785
423814
423857
423924
424110
424160
424222
424448
424649
424695
425120
425163
425185
425215
425276
425325
425407
425432
425525
425679
425991
426028
426082
426385
426525
426547
427029
427230
427499
427553
427640
427681
427718
427995
428053
428116
428172
428690
428723
428744
429060
429131
429582
429603
429881
429903
429927
430031
430244
430293
430408
430447
430474
430574
430649
430777
430799
430829
430988
431035
431133
431175
431330
431696
432516
432609
432640
432852
432965
433242
433265
433319
433339
433458
433501
433727
433765
433806
434146
434359
434577
434687
434940
435155
435350
435370
435393
435528
435628
435651
435892
436025
436160
436230
436292
436312
436346
436389
436488
436778
436892
436932
437023
437070
437092
437117
437140
437176
437208
437238
437276
437342
437367
437386
437462
437486
437511
437627
437743
437781
437815
437838
437920
438123
438158
438241
438329
438395
438418
438574
438853
438896
438995
439116
439140
439240
439635
439740
439772
439917
439952
440060
440496
440632
440828
440884
441022
441345
441435
441632
441807
442182
442681
442779
442801
443037
443165
443194
443214
443281
443761
443805
443830
444178
444389
444490
444515
444594
444736
444783
445066
445241
445323
445598
445627
445976
446846
446951
447120
447160
447440
447500
447554
447709
447871
448165
448300
448424
448517
448637
448685
448876
449654
449796
449894
450296
450344
450421
450443
450534
450634
450713
450824
450994
451081
451160
451492
451630
451738
452133
452212
452332
452355
452522
452576
452597
452678
452966
452986
453870
453900
453961
454008
454253
454473
454734
454767
454824
454861
454946
454982
455137
455189
455210
455248
455270
455502
455540
455575
455920
456363
456451
456490
456598
456652
456754
457148
457366
457518
457560
457593
457726
457815
458222
458291
458342
459126
459198
459331
459833
459878
459964
460080
460131
460222
460421
460448
460635
460668
460807
460835
461255
461485
461586
461621
461808
461854
462543
462568
462837
462923
463046
463192
463211
463401
463487
464075
464446
464641
464782
464840
464933
464954
465067
465575
465891
466008
466117
466538
466835
467079
467101
467245
467296
467419
467474
468311
468332
469577
469718
469781
469825
470151
470222
470294
470525
470593
470976
471131
471155
471278
471349
471370
471415
471440
471778
471840
472257
472613
472633
472855
472883
473005
473618
473762
473817
473921
474118
474266
474297
474653
474782
474904
475075
475142
475597
475733
475786
475832
475898
475962
476130
476219
476253
476443
476469
476532
476575
476648
476679
476723
477343
477382
477430
477457
477661
478186
478352
478526
478574
478610
478777
478837
478960
479056
479197
479217
479388
479431
479567
479596
479618
479671
479695
479878
480592
480646
480709
480812
481072
481130
481173
481255
481628
481968
482439
482604
482656
482789
482894
483201
483348
483425
483544
483652
483704
483941
483974
484000
484105
484196
484516
484979
485145
485187
485226
485586
486191
486218
486388
486408
486558
486619
486834
486982
487335
487357
487469
488220
488246
488744
489752
489884
489912
489991
490104
490168
490284
490345
490368
490474
490547
490574
490876
491022
491099
491169
491238
491307
491370
491777
491858
492041
492564
492849
493112
493273
493418
493461
493497
493529
493593
493656
493699
493978
494067
494888
494908
495120
495159
495185
495390
495446
495585
495844
495866
495944
495975
496059
496605
496988
497355
497454
497531
497653
497761
498056
498106
498159
498219
498282
498334
498509
498550
498722
498915
498978
499069
499227
499282
499546
499580
499619
499648
499766
499833
499904
500383
500439
500735
500857
501067
501116
501221
501257
501341
501378
501947
502033
502070
502341
502368
502520
502546
502899
502978
503018
503332
503833
503900
503974
504002
504023
504122
504244
504283
504333
504542
504599
504920
504981
505074
505284
505319
505430
505492
505698
505800
505827
505903
506074
506104
506148
506335
506419
506483
506641
506934
507168
507193
507264
507346
508197
508225
508255
508295
508513
508543
508669
508742
508873
508974
509069
509155
509242
509263
509324
509532
509557
510042
510067
510683
510793
510896
510986
511022
511049
511069
511592
511628
512030
512180
512370
512403
512594
512899
513034
513136
513232
513389
513831
513972
514132
514180
514482
514580
514678
515060
515288
515436
515532
515558
515693
515729
515765
516082
516430
516492
516632
516702
516742
516762
516823
517927
517948
518071
518409
518564
518758
518905
519056
519120
519281
519302
519338
519361
519439
519471
519545
519695
519750
519958
520182
520205
520282
520512
520540
520624
520689
520812
520868
520902
521066
521089
521133
521191
521271
521311
521703
521928
522463
522552
522660
522687
523187
523338
523436
523503
523584
523703
524034
524861
524881
525079
525100
525129
525277
525322
525426
526071
526261
526285
526528
526569
527187
527214
527238
527264
527339
527514
527534
528462
528507
528603
528677
528749
528875
528906
529205
529564
529871
529957
529982
530150
530253
530304
530329
531027
531293
531358
532271
532930
533401
533733
533911
533953
534063
534132
534253
534805
534889
534937
535060
535080
535106
535144
535498
535769
535905
535928
536065
536167
536357
536456
536483
537144
537225
537265
537348
537466
537617
537675
537722
537777
537917
538145
538189
538237
538379
538425
538454
538550
538784
538817
538850
539086
539155
539385
539470
539528
539688
539765
540004
540114
540457
540484
540837
540933
540965
541162
541640
541671
541703
541805
541830
541850
542016
542249
542288
542735
542763
542818
542867
542993
543029
543177
543313
543334
543903
544104
545314
545344
545609
545933
545988
546011
546040
546095
546247
546463
547291
547618
547822
547848
547889
547929
547949
548062
548105
548829
549175
549465
549590
549885
550048
550514
550606
550814
550932
551147
551171
551548
551863
551932
552423
552541
552578
552759
552794
553196
553258
553374
553462
553635
553761
553964
554014
554094
554181
554208
554524
554705
554729
554837
554977
555012
555097
555123
555187
555373
555435
555519
555816
556172
556195
556250
556408
556571
556600
556684
556721
557275
557311
557679
557737
557773
557832
557897
558352
558434
559250
559300
559456
559651
560266
560963
561098
561171
561259
561305
561444
561514
562169
562374
562422
562518
562833
562854
562958
563200
563922
563984
564143
564178
564199
564224
564315
564429
564864
564925
565121
565154
565639
565852
565952
566019
566932
566968
567370
567435
567640
568047
568356
568432
568532
568687
568809
569307
569969
570255
570638
570699
570738
570890
570979
571931
571969
572081
572306
572325
572402
572515
572606
572661
572690
572855
572912
573072
574136
574343
574378
574400
574502
574531
574559
574968
575327
575353
575390
575742
575829
575849
575896
575929
576058
576168
576555
576852
576926
577061
577316
577993
578203
578352
578491
578521
578588
578690
579125
579147
579249
579358
579394
579572
579610
580144
580221
580491
580757
580829
580863
580959
580988
581055
581315
581476
581518
581741
582426
582881
583081
583436
583499
583654
583685
583810
583885
583949
584124
584489
584646
584730
585055
585082
585196
585230
585488
585589
585734
586416
586619
586831
586901
587057
587229
587250
587296
588628
588728
589154
589529
589687
589709
590059
590259
591104
591140
591170
591231
591409
591449
591478
591498
591521
591683
591706
591772
591896
591982
592055
592540
592561
592778
592818
592885
592978
593010
593635
593686
594465
594715
594998
595108
595387
595419
595498
595536
595801
595897
595955
596080
596168
596259
596392
596606
596648
596703
596741
597173
597240
597343
597546
597753
597844
598684
598784
598923
599061
599443
599499
600157
600248
600829
600965
601270
601343
601531
601834
602057
602449
602749
602818
603411
603463
603764
603914
604050
604161
604219
604285
604367
604414
604464
604679
605465
605543
605594
605629
605952
606021
606108
606243
606648
606688
607000
607384
607680
607946
607982
608186
608313
608344
608383
608962
608988
609326
609780
609844
610282
610311
610436
610643
610760
610810
611106
611231
611379
611411
611433
611478
611611
611734
611764
611800
612000
612346
612410
612441
612558
612597
613001
613184
613233
613534
613606
614011
614210
614260
614363
614676
614846
615258
615395
615422
615449
615572
615613
616317
616725
616988
617452
617500
617857
617913
618005
618047
618162
619085
619140
619439
619501
619566
619590
619631
619664
619727
619747
619771
619920
620044
620170
620983
621113
621157
621186
621388
621415
621445
621572
621643
621782
621804
621825
622008
622045
622211
622685
623830
623876
623942
624042
624151
624217
624253
624373
624689
624742
624789
624904
624948
625673
625855
626481
627491
627978
628005
628190
628232
629043
629178
629300
629406
629714
630271
630361
630867
631062
631086
631172
631238
632440
633104
633170
633303
633374
633442
633867
633945
634011
634394
634480
634537
634847
634928
635029
635075
635129
635289
635596
635766
635807
635839
635863
636061
636116
636201
636242
636515
636564
636588
636701
636749
636825
636937
636975
637019
637041
637521
637567
637621
637702
637905
637925
638570
639147
639237
639551
639699
639832
639902
640001
640471
640521
640678
640749
640894
640915
641015
641066
641474
641548
641711
641877
641980
642060
642124
642174
642333
642411
642671
642696
642794
642960
643071
643093
643614
643709
643735
643804
643864
643935
644109
644210
644287
644394
644459
644615
644643
645253
645444
645673
645705
645729
646426
646592
646626
646699
646790
646814
647301
647350
647949
648014
648063
648591
648853
648954
649055
649129
649198
649391
649449
649680
649722
649872
649905
650251
650413
650438
650466
650689
650758
651211
651275
651557
651610
652051
652136
652156
652404
652768
652793
652883
653005
653096
653393
653423
653555
653651
653690
653902
653984
654113
654177
654504
654554
654600
654802
655026
655110
655157
655601
655952
656137
656300
656412
656719
657041
657774
657839
658267
658326
658367
658492
658728
658935
659475
659499
659806
659829
659878
659925
660147
660371
660474
661149
661188
661333
661358
661440
662199
662610
662696
662945
662973
663268
663317
663850
663926
664047
664098
664251
664904
665012
665068
665194
665247
665270
665322
665508
666339
666781
666912
666974
667017
667054
667099
667819
668192
668358
668457
668491
668987
669597
669998
670020
670058
670557
670602
670855
670893
671211
671270
672270
672290
672385
672462
672482
672512
672645
672754
673003
673027
673053
673107
673155
673381
673644
674075
674157
674207
674328
675084
675248
676066
676382
676442
676842
677537
677739
677843
677915
678072
678341
678402
678641
678670
678781
678909
678937
679032
679120
679265
679418
679482
679509
679858
679890
679915
679936
679989
680308
680341
680538
681048
681408
681608
681813
681866
681914
682041
682352
682458
682765
682809
683157
683246
683296
683325
683495
683618
683749
683865
683983
684049
684088
684173
684235
684583
685313
685538
685562
685585
685725
685750
685775
685835
685929
685981
686382
686418
686574
686742
686765
686827
687214
687268
687291
687313
687433
687885
688010
688036
688072
688122
688145
688607
688707
690994
691076
691223
691292
691348
691388
691480
691502
691654
691673
691832
691913
692040
692086
692448
692474
692525
693159
693226
693270
693302
693400
693426
693446
693705
693876
693975
694003
694026
694075
694122
694170
694193
694216
694358
694595
694641
694688
694934
694982
695005
695135
695158
695307
695700
695739
696025
696051
696432
696533
696643
696890
696978
697099
697258
697593
697721
697758
698966
698989
699052
699073
699122
699173
699305
699464
699587
699637
699758
700566
700632
700696
700790
700920
701062
701082
701174
701209
701284
701368
701469
701794
701890
701995
702330
702354
702394
702419
702554
702950
702971
703293
703568
703606
703644
703665
703871
703939
703976
704284
704510
704533
705056
705167
705200
705353
705383
705465
707191
707227
707715
707802
708004
708033
708092
708248
708755
708950
709239
709265
709419
709476
709685
709780
709821
709977
710017
710078
710125
710408
710506
710546
710587
710830
711198
711222
711899
711989
712023
712127
712259
712556
712650
713525
713620
713653
713806
713845
713896
714372
714423
714504
714561
714954
715089
715122
715146
715272
715434
715734
715904
715945
715981
716001
716170
716321
716803
716925
717181
717211
717277
717301
717334
717562
717776
719041
719629
719701
719838
719862
719889
719959
720127
720590
720721
721352
721402
721655
721697
721728
721809
722056
722186
722443
722632
722830
722850
722884
723001
723131
723175
723234
723373
723398
723699
723823
724145
724202
724386
724509
724892
725043
725481
725583
725603
725891
725918
726781
727518
727973
728097
728370
728407
728432
728452
728485
728514
728539
728606
728625
728659
728685
728885
728915
729000
729366
729411
729728
729955
730490
730599
730626
731229
731331
731354
731535
731671
731836
731946
732262
732282
732332
732356
732798
732840
732872
733793
733868
733891
733959
734004
734294
734338
734406
734567
734614
734665
734891
735130
735299
735340
735424
735454
735506
735585
735664
735788
736205
737175
738182
738373
738454
738728
738922
738977
739133
739180
739341
739550
739958
740144
740287
740442
740476
740495
740515
740600
740721
740900
740983
741016
741319
741490
741977
742395
742431
742476
742677
742821
743262
743320
743784
743846
744618
744806
745077
745219
745269
745329
745671
746091
746468
746652
746675
746725
746799
746834
747018
747511
747664
747761
747789
747861
748181
748219
748243
748518
749048
749278
750477
750686
751912
752057
752216
752251
752397
752418
752473
752877
752960
753002
753285
753512
753698
754087
754374
754394
754563
754582
754644
754691
754747
754990
755118
755175
755252
755618
755651
755676
755715
755833
755901
756048
756076
757115
757162
757192
757241
757261
757282
757307
757335
757417
757531
757586
757607
757695
757914
757998
758019
758062
758355
758465
758764
758804
758830
758866
759019
759106
759411
759497
759535
759636
759780
759933
759979
760103
760127
760298
760854
761541
761676
761758
761804
761831
761893
762211
762263
762307
762353
762459
762509
762984
763208
763507
763543
763618
763822
763844
763949
763995
764251
764380
764455
764492
764568
764768
764874
765376
765451
765711
765867
766234
766273
766355
766376
766524
766557
766628
766703
766855
766987
767174
767197
767235
767295
767376
767758
767861
767881
767913
767942
768069
768125
768206
768307
768620
768645
769021
769058
769110
769261
769300
769332
769532
769672
769798
769836
770723
770760
770793
770935
770977
771025
771421
771501
771840
772057
772089
772639
772842
772882
773082
773257
773645
773682
773704
774052
774089
774121
774166
774269
774436
774459
774982
775077
775407
775439
775461
775547
775608
775928
776090
776870
776936
776998
777165
777256
777371
777501
777573
777646
777720
777752
777800
777869
777899
777926
778074
778099
778265
778426
778489
778533
778556
778879
779101
779209
779250
779650
779706
779739
779863
779899
779965
780026
780528
780596
780677
780815
780847
780894
780965
780996
781029
781062
782055
782334
782389
783084
783316
783343
783398
784070
784173
784343
784449
784767
784875
785070
785177
785228
785250
785494
785524
785590
785692
785787
786026
786387
786406
786658
786687
786710
786773
787018
787041
787068
787165
787190
787239
787295
787333
787405
787462
787501
787765
787807
787853
787924
787988
788021
788531
788630
788730
788923
788943
788968
789004
789039
789250
789359
789402
789518
789573
789976
790245
790632
790662
790959
791228
791600
791845
791870
792042
792142
792258
792592
792649
792768
792826
793077
793272
793909
793945
793992
794027
794182
794274
795206
795383
795578
795620
795747
795850
796013
796231
796601
796692
796741
797282
797317
797551
797579
798044
798264
798312
798472
798542
798642
798963
799077
799310
799439
799519
799795
799878
799942
800266
800305
800328
800399
800491
800559
800673
800701
800853
800883
800955
801008
801164
801201
801225
801465
801503
801666
801882
801961
802021
802133
802176
802224
802421
802513
802543
802576
802819
802893
803510
803688
803968
804084
804104
804145
804173
804204
804303
804338
804431
804474
804939
804960
804982
805185
805235
805618
805648
805748
806166
806462
806719
806885
806913
807031
807118
807159
807226
807266
807662
807898
808141
808163
808354
808488
808543
808946
809044
809278
809461
809574
809711
809760
809840
809862
809907
809959
810065
810234
810468
810767
810804
810853
811058
811244
811276
811316
811358
811380
811504
811826
811868
811964
812042
812371
812668
812845
812866
812906
813117
813154
813325
813607
813641
813911
813931
813953
814092
814348
814446
814944
814982
815452
815760
815859
816074
816192
816219
816469
817204
817648
817834
817908
818082
818298
818412
818809
818952
819000
819103
819131
819159
819188
819216
819540
819687
819715
819890
819948
820131
820202
821078
821291
821596
821632
821774
821978
822127
822154
822202
822227
822302
822362
822382
822403
822450
822585
822939
822967
823021
823098
823165
823560
823785
824046
824078
824119
824539
824583
824605
824814
824875
824927
825481
825501
825571
825712
826345
826440
826479
826721
826896
827004
827189
827223
827343
827420
827545
828415
828435
828458
828615
828643
828704
828806
828852
828992
829241
829289
829393
829599
829956
830067
830179
830534
830559
830694
830728
831589
831906
831995
832185
832270
832300
832321
832549
833256
833298
833492
833565
833611
833747
833828
834038
834062
834174
834273
834533
834566
834601
834655
834680
835160
835241
835300
835325
836078
836135
836242
836665
836725
836788
836857
836957
837187
837469
837731
837950
838111
838407
838438
838471
838884
839184
839255
839304
839363
839405
839668
839800
839996
840193
841037
841086
841230
841529
841581
841677
841751
842352
842718
842844
842869
843660
843975
844517
844664
844703
844723
844744
844863
844886
845078
845238
845261
845361
845625
845659
845799
845849
845942
846051
846079
846465
846522
846586
846681
846757
846968
847080
847239
847364
847733
847776
848100
848218
848250
848269
848299
848336
848439
848469
848504
848662
848688
849148
849180
849206
849520
849610
849813
849833
849862
850175
850211
850704
850778
850875
850991
851140
851160
851279
851353
851381
851834
851970
851990
852023
852069
852168
852438
852476
852592
852642
852944
853044
853345
853625
853696
853808
853896
853937
853980
854016
854038
854240
854309
854374
854452
854574
854854
854889
854949
855058
855090
855126
855172
855525
855554
855576
855695
855827
855891
855993
856032
856067
856098
856118
856138
856270
856314
856435
857147
857177
857476
857678
857711
857922
858005
858161
858184
858253
858379
858407
858537
858648
858859
858894
859022
859077
859099
859383
859418
859511
859624
859650
859683
859713
859843
859874
859974
860309
860597
860765
860830
860974
861055
861201
862018
862115
862135
862168
862375
862477
862541
862666
862823
863105
863134
863229
863709
864031
864129
864555
864660
864963
864988
865082
865156
865461
865638
865687
865713
865972
866270
866554
866627
866672
866852
867063
867106
867569
867606
867672
867703
867777
867930
867952
868020
868050
868108
868163
868441
868577
868811
868856
868891
869156
869782
869839
869879
869899
869996
870042
870751
870838
870857
870891
870930
871468
871565
871951
871974
872257
872359
872602
872775
872823
872951
873112
873164
873706
873768
873848
873921
874755
874810
874966
875013
875187
875290
875398
875611
875734
875845
875881
876075
876405
876457
876717
876767
877006
877224
877250
877455
877571
877617
877798
877838
877886
877911
878409
878446
878628
878720
878779
879133
879431
879555
880711
880807
881049
881076
881397
881433
881465
881513
881541
881792
881833
882012
882048
882068
882091
882158
882186
882232
882278
882438
883166
883190
883343
883561
883584
883606
883813
884659
884778
884859
885239
885267
885327
885350
885494
885584
885746
885954
886068
886188
886215
886317
886337
886382
886406
886683
886899
886978
887033
887080
887125
887373
887461
887634
887714
887886
887984
888117
888161
888454
888534
888920
889048
889188
889274
889456
890175
890417
890463
890496
890650
890739
890761
890796
890991
891054
891451
891489
891637
891763
891894
892241
892351
892665
892758
893035
893278
893342
893475
893515
893686
894074
894250
894335
894383
894419
894696
894807
894829
895054
895081
895461
895574
895678
895703
896018
896136
896182
896554
896587
896611
896645
896750
896898
896950
897325
897543
897620
897732
897775
897822
898074
898143
898265
898468
898845
899414
899494
899524
899608
899751
899810
899879
899938
900495
900614
900658
901238
901329
901386
901427
901501
901604
901666
902386
902623
902689
902729
902774
902907
903213
903326
903662
903824
903876
904392
904767
904930
904950
905231
905260
905334
905355
906000
906148
906250
906270
906335
906520
907151
907214
907388
907864
907942
907968
908038
908378
908423
908573
908607
908758
908925
908958
909582
909646
909700
909960
910060
910605
910880
911069
911313
911351
911431
911648
911722
911759
911804
911986
912112
912513
912853
913089
913389
913501
913571
913740
913916
914185
914470
914499
914581
914604
915010
915047
915182
915301
915376
915618
915646
915701
915738
915773
915806
915852
915977
916134
916263
916467
916656
916863
917006
917233
917496
917592
917667
917848
918098
918822
918845
918990
919014
919054
919094
919125
919161
919247
920077
920378
920506
920579
920677
920768
920981
921454
921540
921802
921921
922072
922243
923049
923072
923172
923432
923511
923571
923610
923907
923931
924767
924813
924915
924958
924991
925120
925170
926205
926278
926547
926651
926803
926919
927119
927430
927469
927574
927800
928095
928212
928239
928437
928560
928766
928800
928922
928994
929261
929547
929593
929625
929950
930037
930084
930155
930264
930292
930359
930400
930981
931123
931368
931504
931684
931842
931875
932479
932601
933086
933126
933650
933735
933835
934322
934345
934475
934536
934582
934607
934637
934660
934686
934998
935292
935330
935447
935563
935636
935729
935897
936059
936159
936259
936381
936457
936516
936599
936630
936727
936811
937023
937399
937591
937617
937965
938009
938374
938574
938670
938690
938838
938888
939208
939269
939360
939420
939462
939661
939866
939889
939993
940077
940599
940649
940724
940770
940817
940847
941283
941355
941436
941993
942047
942452
942571
942660
942815
942897
943247
943757
943795
943909
944055
944629
944661
944880
945164
945832
945887
946115
946208
946552
946624
946777
946915
947180
947201
947231
947285
947477
947657
947781
947847
948238
948494
948521
948634
948673
948700
948828
949156
949592
950411
950457
950549
950649
950916
950945
951234
952498
952522
952641
952756
952792
952815
952985
953024
953088
953109
953257
953473
953528
953593
953839
953860
954164
955049
955134
955162
955240
955272
955298
955330
955360
955408
955470
955544
955649
956195
956313
956550
956658
956678
956749
956799
958000
958077
958165
958195
958226
958275
958805
959026
959057
959288
959621
959673
959894
959978
960203
960265
960619
961026
961070
961128
961288
961618
961767
962171
962222
962286
962480
962676
962711
962789
962972
963171
963191
963230
963333
963365
963397
963463
963539
963578
963678
963940
963973
964268
964404
964427
964448
965039
965092
965835
966112
966152
966178
966256
966377
966865
966947
967558
967686
968012
968088
968201
968346
968461
968519
968724
968776
968805
968826
968951
968981
969067
969143
969163
969314
969437
969485
969690
969719
969848
970018
970142
970219
970254
970537
971237
971465
971488
971520
971661
971706
971936
971969
972120
972312
972375
972591
972639
972747
972841
972916
972940
972981
973011
973047
973083
973184
973371
973481
973527
973559
973729
973793
973823
973856
973948
974090
974485
974663
975093
975146
975275
975366
976355
976733
977024
977260
977371
977440
977627
977933
977957
978140
978683
978720
978785
978807
978840
978931
978976
979139
979574
979610
979843
979895
980021
980071
980466
980499
980710
980988
981115
981143
981173
981271
981390
981449
981527
981604
981887
981970
982036
982064
982141
982325
982910
982967
983123
983149
983652
983885
984218
984468
984525
984611
984734
985057
985092
985154
985469
985664
985685
985807
985910
985967
986869
986902
987061
987150
987192
987324
987372
987517
987611
987878
987958
987994
988040
988071
988185
988235
988339
988399
988420
988698
989574
989773
989793
989914
990252
