0
57
113
157
190
236
297
350
375
404
469
528
567
597
639
674
730
788
827
879
912
970
1014
1048
1096
1159
1194
1220
1263
1311
1341
1383
1449
1452
1510
1542
1598
1605
1624
1685
1706
1745
1779
1826
1869
1928
1962
2021
2064
2080
2143
2196
2203
2227
2248
2255
2287
2337
2344
2390
2419
2480
2513
2538
2580
2607
2611
2636
2680
2727
2760
2794
2837
2868
2878
2908
2928
2952
2982
3007
3041
3075
3096
3113
3154
3194
3224
3269
3304
3310
3344
3373
3415
3460
3471
3493
3499
3522
3555
3612
3638
3657
3712
3754
3763
3805
3812
3880
3935
3982
4007
4015
4035
4066
4092
4102
4105
4125
4158
4193
4205
4254
4286
4287
4298
4311
4313
4324
4355
4356
4358
4400
4408
4419
4421
4422
4457
4520
4521
4570
4618
4633
4677
4692
4714
4780
4826
4853
4909
4954
4989
5019
5065
5107
5140
5185
5241
5289
5334
5377
5433
5460
5465
5512
5539
5585
5618
5663
5707
5738
5780
5818
5846
5862
5881
5941
5973
5997
6014
6034
6090
6139
6175
6209
6221
6260
6287
6289
6332
6376
6410
6460
6472
6525
6565
6577
6596
6614
6655
6689
6719
6746
6791
6844
6868
6887
6908
6919
6951
6971
7014
7064
7091
7130
7146
7164
7209
7274
7321
7368
7369
7394
7403
7443
7491
7550
7603
7644
7678
7734
7786
7827
7848
7880
7904
7923
7950
7957
7966
7975
8026
8078
8113
8156
8176
8191
8236
8292
8314
8340
8382
8413
8447
8476
8544
8587
8629
8645
8650
8708
8760
8794
8815
8839
8861
8890
8945
8989
9008
9044
9079
9115
9135
9156
9195
9234
9279
9292
9293
9308
9361
9396
9437
9459
9515
9576
9594
9614
9680
9698
9712
9751
9810
9829
9859
9909
9928
9963
10005
10052
10092
10115
10120
10121
10155
10179
10228
10264
10316
10373
10437
10481
10497
10525
10573
10592
10615
10640
10688
10721
10774
10805
10818
10853
10901
10936
10960
10973
11036
11078
11136
11168
11188
11235
11257
11315
11366
11399
11421
11470
11525
11574
11613
11643
11700
11731
11776
11841
11902
11941
11955
11989
12034
12070
12095
12155
12182
12217
12277
12331
12358
12406
12448
12496
12544
12581
12592
12637
12706
12737
12782
12843
12889
12931
12974
12998
13007
13025
13052
13088
13100
13126
13148
13165
13196
13209
13210
13217
13218
13220
13221
13225
13260
13268
13303
13332
13356
13409
13419
13470
13520
13553
13591
13619
13669
13688
13727
13774
13803
13830
13867
13898
13930
13966
14007
14053
14097
14113
14154
14200
14226
14278
14329
14364
14395
14425
14427
14483
14536
14585
14601
14630
14656
14693
14714
14755
14783
14824
14850
14875
14903
14960
15007
15042
15107
15135
15170
15191
15221
15238
15258
15292
15319
15372
15393
15439
15470
15490
15538
15561
15596
15651
15695
15714
15757
15771
15804
15867
15909
15948
15980
15999
16043
16078
16105
16127
16162
16203
16243
16285
16328
16374
16396
16418
16471
16497
16522
16587
16620
16655
16665
16701
16732
16766
16807
16864
16921
16946
16979
17011
17038
17083
17138
17179
17220
17258
17294
17346
17379
17414
17449
17495
17511
17517
17581
17616
17674
17676
17719
17763
17799
17842
17883
17910
17952
18002
18067
18101
18167
18217
18274
18305
18306
18350
18378
18416
18452
18489
18545
18593
18653
18670
18729
18763
18765
18798
18803
18810
18821
18874
18889
18916
18943
18954
18966
18983
19016
19031
19049
19051
19065
19101
19131
19132
19158
19160
19161
19186
19229
19231
19248
19249
19298
19355
19415
19470
19535
19603
19605
19665
19730
19790
19853
19901
19964
19971
20018
20041
20042
20063
20090
20133
20161
20163
20226
20251
20300
20329
20355
20382
20390
20415
20459
20471
20479
20497
20518
20520
20521
20536
20571
20622
20628
20654
20665
20679
20681
20711
20743
20758
20785
20811
20812
20813
20816
20817
20832
20887
20946
20957
20992
20993
21002
21053
21054
21081
21083
21084
21102
21104
21157
21194
21240
21248
21266
21269
21288
21315
21332
21355
21399
21401
21446
21495
21541
21543
21574
21587
21590
21591
21608
21611
21648
21650
21684
21712
21744
21774
21778
21805
21810
21845
21846
21864
21874
21895
21918
21920
21957
22011
22048
22074
22099
22101
22138
22166
22182
22183
22207
22255
22303
22320
22369
22401
22410
22454
22457
22458
22480
22486
22544
22546
22572
22630
22668
22712
22749
22784
22787
22834
22850
22874
22919
22923
22992
23004
23021
23031
23040
23043
23047
23048
23070
23093
23125
23163
23164
23194
23233
23271
23286
23298
23311
23312
23320
23324
23381
23405
23475
23513
23549
23596
23646
23701
23753
23756
23810
23812
23813
23815
23816
23824
23827
23861
23908
23956
23994
24046
24077
24117
24165
24198
24207
24230
24258
24287
24296
24320
24321
24325
24371
24375
24377
24381
24400
24401
24403
24427
24462
24510
24526
24579
24607
24611
24638
24679
24715
24766
24802
24829
24844
24879
24880
24887
24906
24913
24951
25000
25020
25063
25115
25118
25125
25195
25196
25205
25249
25268
25278
25289
25290
25338
25357
25358
25378
25401
25402
25409
25431
25446
25463
25464
25505
25549
25578
25605
25607
25627
25661
25663
25683
25684
25718
25751
25776
25778
25800
25831
25878
25944
25992
26033
26090
26149
26213
26254
26290
26323
26377
26430
26489
26537
26604
26663
26720
26772
26831
26859
26895
26955
27015
27052
27108
27169
27234
27241
27292
27320
27372
27405
27458
27497
27541
27592
27629
27657
27688
27707
27745
27752
27793
27820
27858
27894
27925
27968
28005
28046
28084
28122
28167
28207
28248
28311
28362
28410
28432
28453
28462
28486
28499
28515
28524
28545
28568
28609
28615
28628
28678
28732
28752
28799
28804
28829
28841
28843
28869
28871
28907
28912
28916
28945
28963
28967
29008
29035
29069
29070
29094
29131
29144
29153
29205
29245
29266
29295
29343
29356
29362
29398
29422
29454
29485
29521
29550
29594
29638
29673
29718
29764
29799
29837
29872
29919
29949
29995
30050
30092
30148
30190
30225
30268
30274
30325
30386
30435
30483
30535
30592
30633
30672
30728
30794
30841
30850
30853
30857
30906
30959
30994
31014
31049
31091
31144
31179
31212
31230
31258
31273
31298
31345
31355
31418
31474
31517
31519
31537
31581
31614
31628
31645
31677
31679
31683
31748
31768
31819
31868
31934
31991
32043
32079
32114
32164
32195
32243
32256
32317
32378
32438
32488
32547
32601
32661
32717
32761
32829
32834
32872
32918
32981
32985
33032
33083
33103
33106
33134
33153
33175
33195
33196
33208
33218
33219
33240
33297
33307
33329
33379
33425
33467
33531
33568
33620
33657
33697
33738
33740
33742
33790
33858
33865
33867
33868
33881
33883
33926
33979
33983
34015
34036
34054
34066
34077
34083
34117
34148
34160
34164
34165
34196
34209
34230
34242
34291
34349
34394
34399
34446
34480
34515
34554
34604
34629
34637
34699
34729
34776
34828
34871
34928
34974
35022
35062
35092
35153
35191
35262
35325
35386
35450
35512
35565
35597
35655
35718
35760
35828
35889
35958
35994
36058
36105
36160
36221
36286
36335
36369
36412
36455
36517
36579
36644
36705
36753
36800
36865
36908
36943
37000
37060
37114
37138
37199
37261
37316
37345
37392
37434
37496
37527
37584
37627
37684
37730
37793
37852
37902
37957
38015
38060
38119
38169
38219
38249
38298
38350
38413
38468
38513
38560
38619
38678
38717
38787
38849
38909
38951
39001
39068
39123
39178
39212
39264
39319
39376
39420
39484
39518
39565
39600
39655
39708
39756
39820
39863
39921
39983
40020
40063
40127
40187
40243
40294
40341
40384
40437
40484
40536
40581
40628
40688
40732
40790
40824
40858
40924
40945
40952
40970
40979
40982
40983
41006
41063
41113
41132
41153
41169
41184
41207
41248
41263
41281
41314
41339
41362
41419
41458
41473
41495
41517
41573
41612
41635
41676
41736
41785
41835
41867
41912
41956
41966
42013
42037
42070
42112
42163
42195
42250
42300
42358
42400
42402
42436
42467
42503
42505
42533
42572
42617
42621
42681
42739
42792
42842
42903
42960
43011
43067
43119
43161
43222
43269
43298
43307
43313
43359
43360
43422
43468
43503
43539
43601
43637
43707
43771
43813
43872
43899
43928
43964
43999
44026
44073
44090
44145
44198
44248
44279
44324
44334
44363
44399
44418
44462
44486
44525
44530
44546
44589
44601
44635
44652
44675
44702
44745
44746
44787
44815
44820
44822
44829
44843
44887
44907
44935
44987
45022
45029
45063
45100
45124
45186
45196
45229
45262
45275
45302
45347
45366
45410
45441
45486
45503
45546
45577
45632
45669
45670
45675
45697
45718
45756
45786
45836
45851
45895
45937
45960
45995
46029
46085
46091
46131
46172
46188
46207
46221
46238
46260
46278
46299
46337
46384
46445
46460
46471
46509
46522
46544
46562
46582
46584
46603
46662
46669
46707
46730
46793
46832
46837
46851
46858
46881
46900
46934
46995
46997
47016
47025
47030
47044
47049
47081
47125
47129
47138
47179
47220
47227
47282
47309
47331
47353
47355
47371
47398
47420
47477
47481
47516
47518
47562
47564
47568
47621
47643
47664
47679
47726
47735
47792
47807
47830
47847
47903
47915
47928
47929
47992
48019
48044
48063
48124
48142
48188
48233
48280
48328
48370
48415
48446
48480
48524
48545
48564
48618
48649
48673
48702
48725
48750
48791
48819
48849
48877
48943
48968
49031
49070
49102
49122
49175
49217
49261
49321
49366
49413
49443
49448
49479
49503
49563
49587
49628
49667
49668
49698
49711
49753
49809
49814
49880
49912
49978
50006
50053
50101
50159
50185
50218
50265
50305
50334
50346
50350
50415
50444
50471
50485
50498
50537
50542
50583
50614
50628
50677
50682
50722
50740
50772
50790
50810
50842
50857
50901
50962
51021
51030
51093
51115
51174
51190
51240
51274
51340
51379
51404
51410
51442
51484
51527
51568
51623
51637
51687
51736
51757
51775
51810
51858
51900
51926
51989
52021
52022
52077
52118
52119
52131
52181
52187
52238
52245
52310
52369
52370
52387
52420
52463
52479
52537
52580
52604
52661
52693
52732
52778
52798
52803
52812
52837
52864
52923
52978
52988
53013
53053
53093
53143
53161
53184
53215
53237
53277
53308
53309
53331
53374
53390
53411
53453
53455
53522
53572
53578
53584
53618
53687
53720
53722
53749
53773
53817
53827
53863
53865
53869
53912
53936
53983
54033
54069
54122
54153
54164
54184
54231
54241
54261
54281
54282
54316
54327
54328
54371
54382
54406
54426
54451
54483
54502
54503
54556
54557
54600
54650
54703
54741
54770
54799
54842
54868
54869
54870
54888
54936
54949
54985
54992
55004
55006
55007
55022
55050
55088
55116
55130
55171
55196
55223
55226
55263
55296
55304
55329
55369
55392
55394
55419
55449
55452
55462
55503
55520
55561
55614
55618
55628
55643
55662
55694
55740
55793
55845
55898
55902
55931
55978
56009
56015
56023
56072
56088
56145
56193
56217
56250
56260
56268
56298
56303
56324
56330
56365
56367
56390
56446
56447
56501
56527
56579
56635
56671
56717
56718
56762
56818
56873
56905
56949
57013
57041
57103
57140
57165
57185
57229
57247
57279
57284
57319
57339
57356
57384
57418
57449
57478
57513
57552
57584
57621
57659
57688
57731
57787
57827
57885
57925
57968
58014
58061
58115
58169
58230
58282
58333
58385
58443
58495
58543
58602
58661
58699
58743
58788
58828
58876
58941
58979
59016
59052
59088
59119
59163
59197
59231
59264
59299
59333
59359
59386
59436
59476
59507
59544
59573
59602
59623
59635
59648
59689
59724
59752
59807
59845
59876
59939
59971
59999
60059
60113
60165
60224
60269
60326
60387
60416
60427
60472
60519
60582
60653
60705
60743
60788
60823
60864
60915
60972
61025
61076
61119
61177
61212
61257
61297
61333
61401
61427
61452
61472
61508
61555
61586
61619
61645
61682
61683
61724
61757
61799
61836
61861
61885
61930
61946
61983
62003
62037
62067
62107
62150
62208
62231
62241
62270
62323
62365
62409
62416
62447
62455
62514
62563
62591
62646
62684
62720
62764
62804
62846
62872
62886
62915
62973
63011
63063
63075
63131
63191
63237
63287
63320
63375
63398
63456
63504
63544
63587
63621
63660
63705
63761
63794
63847
63888
63915
63952
64008
64020
64056
64079
64104
64162
64203
64240
64296
64346
64386
64434
64484
64512
64558
64618
64668
64707
64750
64789
64833
64874
64920
64964
65014
65065
65109
65113
65129
65135
65178
65198
65247
65296
65350
65391
65433
65490
65529
65574
65631
65680
65718
65763
65818
65876
65932
65974
66008
66038
66091
66122
66150
66186
66220
66266
66273
66289
66303
66335
66390
66444
66486
66522
66540
66576
66618
66679
66704
66741
66774
66807
66811
66837
66897
66910
66955
66991
67024
67047
67075
67111
67142
67188
67225
67239
67287
67307
67353
67366
67391
67400
67407
67462
67519
67557
67574
67585
67587
67595
67612
67653
67694
67727
67745
67776
67784
67828
67837
67864
67878
67917
67918
67928
67929
67930
67939
67949
67952
67953
67969
68022
68065
68070
68076
68077
68124
68147
68176
68209
68259
68297
68303
68362
68369
68420
68432
68479
68547
68588
68616
68618
68651
68702
68703
68728
68744
68756
68758
68799
68821
68859
68897
68933
68962
68993
69032
69063
69123
69173
69209
69240
69302
69333
69361
69362
69414
69457
69493
69502
69543
69575
69596
69623
69642
69680
69729
69778
69809
69872
69888
69906
69963
69989
70028
70079
70092
70095
70161
70205
70267
70313
70320
70338
70370
70394
70395
70397
70433
70480
70532
70583
70615
70656
70705
70712
70763
70801
70862
70900
70923
70977
71016
71027
71063
71093
71153
71186
71223
71231
71284
71329
71384
71445
71484
71532
71552
71606
71632
71642
71644
71679
71702
71749
71777
71825
71864
71875
71911
71971
72026
72058
72126
72156
72202
72205
72259
72294
72328
72350
72383
72418
72449
72501
72543
72570
72626
72658
72712
72749
72782
72825
72875
72917
72948
72998
73040
73077
73114
73151
73185
73233
73268
73290
73336
73347
73388
73432
73489
73523
73574
73624
73689
73755
73770
73824
73863
73887
73927
73975
74026
74070
74122
74180
74236
74276
74328
74378
74426
74471
74521
74559
74571
74618
74643
74674
74699
74751
74798
74843
74896
74961
74987
75001
75055
75107
75143
75174
75222
75262
75312
75342
75377
75417
75447
75448
75491
75518
75538
75582
75615
75620
75651
75679
75727
75762
75779
75829
75858
75870
75912
75954
76008
76045
76080
76113
76155
76186
76215
76240
76292
76298
76320
76330
76369
76418
76467
76520
76569
76601
76641
76688
76715
76749
76769
76823
76843
76845
76863
76880
76900
76901
76950
76957
76964
76995
77048
77084
77123
77143
77164
77189
77242
77279
77311
77335
77365
77422
77488
77496
77541
77590
77623
77646
77663
77665
77698
77712
77755
77786
77808
77829
77871
77911
77943
77980
78005
78029
78051
78093
78128
78159
78200
78248
78307
78350
78391
78433
78471
78482
78511
78531
78550
78554
78613
78641
78697
78754
78756
78770
78778
78816
78850
78886
78924
78962
78985
79017
79048
79087
79088
79092
79134
79152
79188
79225
79233
79234
79286
79309
79353
79392
79401
79433
79498
79561
79587
79624
79654
79657
79676
79680
79701
79758
79816
79842
79891
79892
79916
79937
79967
80000
80030
80032
80033
80053
80091
80130
80156
80211
80270
80324
80330
80387
80430
80456
80461
80490
80514
80559
80596
80634
80654
80691
80752
80817
80844
80845
80868
80898
80943
80946
80981
81009
81031
81041
81110
81144
81167
81172
81183
81220
81251
81270
81281
81299
81317
81360
81426
81485
81532
81576
81616
81643
81665
81690
81737
81762
81780
81805
81829
81848
81878
81902
81932
81988
81997
82019
82054
82081
82133
82153
82207
82233
82248
82271
82307
82334
82369
82430
82477
82483
82502
82510
82552
82597
82615
82620
82650
82682
82750
82754
82810
82859
82911
82936
82983
82998
83066
83111
83168
83177
83206
83230
83290
83345
83400
83448
83449
83474
83480
83551
83610
83639
83682
83744
83760
83826
83879
83911
83927
83990
84039
84089
84139
84180
84215
84269
84331
84388
84428
84466
84485
84537
84586
84623
84661
84696
84720
84770
84815
84860
84874
84902
84956
84969
84995
84996
85012
85033
85078
85131
85174
85205
85234
85276
85298
85335
85358
85367
85386
85404
85437
85456
85508
85514
85573
85643
85706
85748
85754
85777
85796
85805
85848
85911
85955
85998
86009
86040
86053
86061
86065
86083
86131
86158
86185
86217
86227
86250
86266
86290
86333
86379
86412
86440
86509
86558
86601
86656
86709
86752
86817
86851
86881
86896
86928
86961
87007
87066
87114
87156
87182
87222
87237
87261
87263
87290
87308
87315
87356
87389
87415
87439
87483
87504
87507
87550
87554
87566
87570
87627
87673
87706
87744
87754
87761
87767
87782
87809
87846
87862
87870
87923
87976
88001
88018
88058
88059
88093
88116
88136
88154
88161
88192
88227
88245
88255
88263
88292
88334
88400
88439
88476
88524
88553
88605
88624
88641
88677
88712
88738
88741
88782
88837
88890
88904
88929
88977
89000
89047
89064
89099
89128
89185
89217
89262
89290
89319
89337
89341
89380
89425
89490
89534
89545
89572
89592
89593
89609
89623
89653
89681
89716
89750
89784
89814
89824
89855
89898
89941
89996
89997
90002
90053
90067
90076
90134
90197
90247
90313
90356
90394
90437
90477
90491
90529
90555
90606
90638
90668
90705
90709
90717
90757
90765
90770
90805
90842
90874
90894
90918
90952
90997
91050
91085
91135
91152
91195
91256
91306
91357
91399
91445
91499
91544
91548
91577
91652
91656
91699
91709
91723
91735
91765
91821
91856
91910
91943
91974
92020
92043
92093
92120
92154
92209
92235
92270
92298
92308
92329
92356
92363
92420
92468
92533
92563
92607
92654
92700
92714
92762
92770
92816
92856
92924
92934
92938
92998
93001
93024
93032
93075
93133
93191
93243
93270
93291
93327
93335
93357
93379
93415
93463
93495
93535
93579
93623
93642
93676
93714
93723
93731
93737
93772
93801
93839
93869
93909
93962
94002
94045
94081
94128
94153
94214
94257
94284
94308
94330
94377
94409
94434
94448
94476
94498
94511
94556
94623
94671
94707
94739
94745
94747
94756
94807
94855
94898
94936
94967
94968
95008
95052
95103
95131
95177
95230
95287
95301
95341
95371
95401
95436
95474
95514
95578
95633
95679
95681
95683
95711
95757
95804
95850
95887
95919
95933
95968
96000
96055
96084
96126
96186
96229
96288
96345
96380
96411
96460
96515
96530
96589
96649
96674
96694
96736
96763
96811
96876
96921
96931
96965
96994
96997
97034
97046
97062
97065
97088
97128
97131
97160
97194
97243
97274
97276
97296
97317
97359
97395
97398
97411
97436
97447
97455
97483
97518
97536
97555
97602
97649
97712
97772
97779
97809
97810
97853
97895
97903
97952
98000
98052
98074
98127
98187
98202
98214
98256
98257
98279
98284
98326
98375
98417
98436
98437
98489
98549
98617
98682
98719
98772
98815
98842
98890
98934
98957
98962
99018
99076
99079
99109
99160
99202
99220
99261
99309
99344
99392
99415
99448
99497
99498
99550
99589
99593
99625
99629
99668
99669
99730
99752
99754
99797
99827
99837
99840
99870
99888
99937
99938
99955
99976
99993
100021
100061
100063
100064
100089
100094
100096
100126
100128
100129
100170
100191
100212
100242
100245
100295
100334
100339
100392
100454
100492
100543
100595
100634
100689
100750
100804
100864
100916
100969
101021
101069
101120
101171
101211
101270
101327
101363
101402
101451
101489
101534
101579
101627
101664
101720
101770
101814
101836
101837
101838
101861
101871
101883
101904
101962
102000
102032
102036
102060
102061
102062
102068
102072
102073
102075
102121
102122
102184
102227
102285
102340
102365
102371
102396
102397
102417
102453
102496
102514
102542
102559
102560
102575
102579
102580
102632
102705
102731
102750
102777
102778
102782
102783
102824
102863
102908
102947
103007
103027
103065
103086
103096
103141
103151
103153
103155
103173
103196
103224
103258
103299
103317
103329
103344
103348
103389
103402
103438
103448
103451
103453
103516
103567
103598
103648
103699
103756
103821
103876
103935
103972
104016
104054
104075
104100
104126
104150
104173
104176
104189
104215
104216
104218
104221
104254
104257
104259
104260
104296
104328
104388
104422
104468
104485
104505
104534
104575
104596
104641
104663
104721
104769
104813
104842
104861
104892
104908
104929
104964
104996
105028
105031
105099
105154
105162
105200
105202
105225
105241
105267
105290
105350
105361
105397
105456
105491
105519
105573
105603
105647
105672
105695
105736
105768
105795
105822
105846
105867
105921
105958
105968
106015
106054
106089
106136
106156
106160
106198
106226
106247
106277
106336
106355
106405
106451
106499
106533
106558
106588
106625
106626
106650
106651
106694
106735
106742
106758
106772
106810
106850
106905
106951
106982
107047
107051
107068
107079
107114
107168
107213
107257
107305
107347
107415
107418
107464
107519
107521
107529
107552
107568
107630
107645
107666
107678
107680
107717
107728
107754
107784
107831
107890
107925
107961
107998
108040
108097
108144
108177
108229
108274
108308
108375
108406
108463
108510
108543
108588
108626
108628
108656
108690
108707
108746
108749
108757
108808
108853
108909
108975
109024
109050
109051
109067
109083
109088
109147
109211
109271
109294
109332
109354
109374
109376
109428
109457
109501
109542
109578
109626
109675
109707
109759
109816
109853
109896
109959
110023
110056
110073
110092
110104
110145
110196
110251
110271
110289
110309
110318
110358
110380
110397
110410
110413
110449
110474
110544
110573
110591
110604
110631
110644
110658
110675
110700
110727
110778
110785
110846
110887
110891
110917
110943
110991
111020
111052
111054
111076
111078
111111
111131
111169
111170
111221
111225
111242
111255
111273
111303
111354
111406
111454
111513
111569
111594
111615
111617
111646
111711
111772
111784
111810
111844
111869
111910
111913
111934
111971
112004
112054
112061
112077
112128
112179
112188
112194
112203
112227
112238
112251
112305
112306
112312
112358
112360
112364
112393
112439
112463
112464
112469
112495
112515
112551
112575
112599
112622
112645
112663
112669
112686
112734
112766
112782
112843
112880
112899
112921
112965
112999
113023
113051
113080
113105
113147
113188
113243
113291
113344
113397
113399
113446
113487
113522
113543
113570
113604
113628
113652
113676
113722
113773
113830
113867
113915
113974
114030
114080
114122
114167
114205
114243
114278
114312
114333
114388
114424
114450
114479
114508
114571
114606
114635
114675
114695
114696
114744
114783
114813
114846
114875
114915
114950
115001
115023
115050
115096
115119
115166
115189
115213
115245
115270
115323
115367
115409
115446
115503
115563
115598
115644
115646
115661
115731
115800
115867
115913
115977
115994
116009
116037
116060
116099
116121
116124
116169
116207
116232
116267
116297
116327
116357
116395
116427
116430
116467
116493
116508
116522
116531
116535
116536
116555
116574
116596
116649
116700
116765
116819
116856
116896
116928
116965
117018
117042
117112
117166
117198
117208
117230
117291
117327
117330
117362
117404
117411
117429
117448
117467
117497
117518
117578
117604
117644
117687
117714
117756
117778
117791
117798
117843
117867
117920
117949
117984
118029
118083
118153
118217
118219
118240
118295
118310
118332
118362
118402
118444
118475
118499
118523
118554
118591
118592
118608
118658
118676
118706
118723
118736
118757
118768
118797
118858
118868
118882
118908
118944
118982
119020
119033
119088
119104
119172
119218
119267
119272
119282
119338
119390
119416
119466
119498
119537
119552
119556
119559
119603
119614
119663
119677
119678
119744
119758
119785
119804
119827
119831
119833
119873
119874
119880
119889
119962
119976
120018
120069
120143
120172
120175
120202
120247
120263
120295
120296
120304
120330
120370
120407
120464
120539
120563
120583
120617
120665
120727
120768
120802
120831
120862
120885
120902
120928
120946
120977
121010
121050
121084
121120
121150
121167
121207
121219
121233
121251
121279
121310
121329
121345
121356
121370
121387
121430
121435
121461
121506
121535
121609
121680
121717
121744
121810
