0
32
64
96
128
160
192
224
256
288
320
352
384
416
448
480
512
544
576
608
640
672
704
736
768
800
832
864
896
928
960
992
1024
1056
1088
1120
1152
1184
1216
1248
1280
1312
1344
1376
1408
1440
1472
1504
1536
1568
1600
1632
1664
1696
1728
1760
1792
1824
1829
1861
1893
1925
1957
1989
2021
2053
2085
2117
2149
2181
2213
2245
2277
2309
2341
2373
2405
2437
2469
2501
2533
2565
2597
2629
2661
2693
2725
2757
2789
2821
2853
2885
2917
2949
2981
3013
3045
3077
3109
3141
3173
3205
3237
3269
3301
3333
3365
3397
3429
3461
3493
3525
3557
3589
3621
3653
3685
3717
3749
3781
3813
3845
3873
3905
3937
3969
4001
4033
4065
4097
4129
4161
4193
4225
4257
4289
4321
4353
4385
4417
4449
4481
4513
4545
4577
4609
4641
4673
4705
4737
4769
4801
4833
4865
4897
4929
4961
4993
5025
5057
5089
5121
5153
5185
5217
5249
5281
5313
5345
5377
5409
5441
5473
5505
5537
5569
5601
5633
5665
5697
5729
5761
5793
5825
5857
5889
5921
5953
5985
6017
6049
6081
6108
6140
6172
6204
6236
6268
6300
6332
6364
6396
6428
6460
6492
6524
6556
6588
6620
6652
6684
6716
6748
6780
6812
6844
6876
6908
6940
6972
7004
7036
7068
7100
7132
7164
7196
7228
7260
7292
7324
7356
7388
7420
7452
7484
7516
7548
7580
7612
7644
7676
7708
7740
7772
7804
7836
7868
7900
7932
7964
7996
8028
8060
8092
8124
8156
8188
8220
8252
8284
8316
8329
8361
8393
8425
8457
8489
8521
8553
8585
8617
8649
8681
8713
8745
8777
8809
8841
8873
8905
8937
8969
9001
9033
9065
9097
9129
9161
9193
9225
9257
9289
9321
9353
9385
9417
9449
9481
9513
9545
9577
9609
9641
9673
9705
9737
9769
9801
9833
9865
9897
9929
9961
9993
10025
10057
10089
10121
10153
10185
10217
10249
10281
10313
10345
10377
10409
10441
10473
10505
10537
10557
10589
10621
10653
10685
10717
10749
10781
10813
10845
10877
10909
10941
10973
11005
11037
11069
11101
11133
11165
11197
11229
11261
11293
11325
11357
11389
11421
11453
11485
11517
11549
11581
11613
11645
11677
11709
11741
11773
11805
11837
11869
11901
11933
11965
11997
12029
12061
12093
12125
12157
12189
12221
12253
12285
12317
12349
12381
12413
12445
12477
12509
12541
12573
12605
12637
12669
12701
12733
12765
12797
12829
12861
12893
12925
12931
12963
12995
13027
13059
13091
13123
13155
13187
13219
13251
13283
13315
13347
13379
13411
13443
13475
13507
13539
13571
13603
13635
13667
13699
13731
13763
13795
13827
13859
13891
13923
13955
13987
14019
14051
14083
14115
14147
14179
14211
14243
14275
14307
14339
14371
14403
14435
14467
14499
14531
14563
14595
14627
14659
14691
14723
14755
14787
14819
14851
14883
14915
14947
14979
15011
15043
15056
15088
15120
15152
15184
15216
15248
15280
15312
15344
15376
15408
15440
15472
15504
15536
15568
15600
15632
15664
15696
15728
15760
15792
15824
15856
15888
15920
15952
15984
16016
16048
16080
16112
16144
16176
16208
16240
16272
16304
16336
16368
16400
16432
16464
16496
16528
16560
16592
16624
16656
16688
16720
16752
16784
16816
16848
16880
16912
16944
16976
16989
17021
17053
17085
17117
17149
17181
17213
17245
17277
17309
17341
17373
17405
17437
17469
17501
17533
17565
17597
17629
17661
17693
17725
17757
17789
17821
17853
17885
17917
17949
17981
18013
18045
18077
18109
18141
18173
18205
18237
18269
18301
18333
18365
18397
18429
18461
18493
18525
18557
18589
18621
18653
18685
18717
18749
18781
18813
18845
18877
18909
18941
18973
19005
19037
19069
19101
19104
19136
19168
19200
19232
19264
19296
19328
19360
19392
19424
19456
19488
19520
19552
19584
19616
19648
19680
19712
19744
19776
19808
19840
19872
19904
19936
19968
20000
20032
20064
20096
20128
20160
20192
20224
20256
20288
20320
20352
20384
20416
20448
20480
20512
20544
20576
20608
20640
20672
20704
20736
20768
20800
20832
20864
20896
20928
20960
20992
21024
21056
21088
21120
21152
21184
21216
21248
21280
21283
21315
21347
21379
21411
21443
21475
21507
21539
21571
21603
21635
21667
21699
21731
21763
21795
21827
21859
21891
21923
21955
21987
22019
22051
22083
22115
22147
22179
22211
22243
22275
22307
22339
22371
22403
22435
22467
22499
22531
22563
22595
22627
22659
22691
22723
22755
22787
22819
22851
22883
22915
22947
22979
23011
23043
23075
23107
23139
23171
23203
23235
23267
23299
23331
23363
23395
23427
23459
23491
23493
23525
23557
23589
23621
23653
23685
23717
23749
23781
23813
23845
23877
23909
23941
23973
24005
24037
24069
24101
24133
24165
24197
24229
24261
24293
24325
24357
24389
24421
24453
24485
24517
24549
24581
24613
24645
24677
24709
24741
24773
24805
24837
24869
24901
24933
24965
24997
25029
25061
25093
25125
25157
25189
25221
25253
25285
25317
25349
25381
25413
25445
25477
25509
25541
25573
25605
25637
25669
25701
25733
25765
25791
25823
25855
25887
25919
25951
25983
26015
26047
26079
26111
26143
26175
26207
26239
26271
26303
26335
26367
26399
26431
26463
26495
26527
26559
26591
26623
26655
26687
26719
26751
26783
26815
26847
26879
26911
26943
26975
27007
27039
27071
27103
27135
27167
27199
27231
27263
27295
27327
27359
27391
27423
27455
27487
27519
27551
27583
27615
27647
27679
27711
27743
27775
27807
27839
27842
27874
27906
27938
27970
28002
28034
28066
28098
28130
28162
28194
28226
28258
28290
28322
28354
28386
28418
28450
28482
28514
28546
28578
28610
28642
28674
28706
28738
28770
28802
28834
28866
28898
28930
28962
28994
29026
29058
29090
29122
29154
29186
29218
29250
29282
29314
29346
29378
29410
29413
29445
29477
29509
29541
29573
29605
29637
29669
29701
29733
29765
29797
29829
29861
29893
29925
29957
29989
30021
30053
30085
30117
30149
30181
30213
30245
30277
30309
30341
30373
30405
30437
30469
30501
30533
30565
30597
30629
30661
30669
30701
30733
30765
30797
30829
30861
30893
30925
30957
30989
31021
31053
31085
31117
31149
31181
31213
31245
31277
31309
31341
31373
31405
31437
31469
31501
31533
31565
31597
31629
31630
31662
31694
31726
31758
31790
31822
31854
31886
31918
31950
31982
32014
32046
32078
32110
32142
32174
32206
32238
32270
32302
32334
32366
32371
32403
32435
32467
32499
32531
32563
32595
32627
32659
32691
32723
32755
32787
32819
32834
32866
32898
32930
32962
32994
33026
33058
33090
33122
33154
33171
33203
33235
33267
33299
33331
33363
33395
33427
33459
33491
33509
33541
33573
33605
33637
33669
33701
33733
33765
33797
33829
33861
33893
33925
33957
33989
34021
34041
34073
34105
34137
34169
34201
34233
34265
34297
34329
34361
34393
34425
34457
34489
34521
34553
34585
34617
34649
34681
34713
34745
34777
34809
34841
34845
34877
34909
34941
34973
35005
35037
35069
35101
35133
35165
35197
35229
35261
35293
35325
35357
35389
35421
35453
35485
35517
35549
35581
35613
35645
35677
35709
35741
35773
35805
35837
35869
35901
35933
35940
35972
36004
36036
36068
36100
36132
36164
36196
36228
36260
36292
36324
36356
36388
36420
36452
36484
36516
36548
36580
36612
36644
36676
36708
36740
36772
36804
36836
36868
36900
36932
36964
36996
37028
37060
37092
37124
37156
37188
37220
37252
37284
37316
37348
37380
37412
37444
37456
37488
37520
37552
37584
37616
37648
37680
37712
37744
37759
37791
37823
37855
37887
37919
37951
37983
38015
38035
38067
38099
38131
38163
38195
38227
38259
38291
38323
38349
38381
38413
38445
38477
38509
38541
38573
38605
38637
38669
38701
38721
38753
38785
38817
38849
38881
38913
38945
38977
39009
39041
39073
39094
39126
39158
39190
39222
39254
39286
39318
39350
39382
39414
39446
39478
39504
39536
39568
39600
39632
39664
39696
39728
39760
39792
39822
39854
39886
39918
39950
39982
40014
40046
40078
40110
40114
40146
40178
40210
40242
40274
40306
40338
40370
40402
40423
40455
40487
40519
40551
40583
40615
40647
40679
40711
40740
40772
40804
40836
40868
40900
40932
40964
40996
41028
41060
41072
41104
41136
41168
41200
41232
41264
41296
41328
41360
41392
41415
41447
41479
41511
41543
41575
41607
41639
41671
41690
41722
41754
41786
41818
41850
41882
41906
41938
41970
42002
42034
42066
42098
42130
42162
42194
42225
42257
42289
42316
42348
42380
42382
42414
42437
42469
42483
42515
42547
42548
42580
42612
42644
42676
42708
42714
42746
42778
42810
42842
42874
42903
42935
42967
42999
43031
43063
43095
43127
43131
43163
43195
43227
43259
43288
43320
43352
43384
43416
43428
43460
43492
43524
43556
43581
43613
43645
43677
43709
43727
43759
43791
43823
43855
43887
43904
43936
43968
44000
44032
44064
44075
44107
44139
44171
44203
44215
44247
44279
44311
44343
44375
44407
44439
44471
44474
44506
44538
44570
44602
44605
44637
44669
44701
44733
44765
44767
44799
44831
44863
44895
44920
44952
44984
45016
45048
45065
45097
45129
45161
45178
45210
45242
45262
45294
45326
45327
45359
45364
45396
45398
45421
45452
45484
45488
45520
45552
45567
45599
45631
45654
45686
45718
45750
45782
45783
45808
45840
45843
45870
45902
45905
45937
45940
45972
45979
46005
46026
46048
46067
46098
46121
46145
46159
46175
46183
46184
46189
46191
46196
46202
46212
46234
46258
